{
 "chain_iptm": [
  0.81,
  0.82,
  0.56,
  0.75,
  0.45,
  0.43
 ],
 "chain_pair_iptm": [
  [
   0.89,
   0.9,
   0.87,
   0.91,
   0.72,
   0.67
  ],
  [
   0.9,
   0.89,
   0.85,
   0.84,
   0.74,
   0.77
  ],
  [
   0.87,
   0.85,
   0.03,
   0.8,
   0.15,
   0.12
  ],
  [
   0.91,
   0.84,
   0.8,
   0.71,
   0.61,
   0.57
  ],
  [
   0.72,
   0.74,
   0.15,
   0.61,
   0.05,
   0.01
  ],
  [
   0.67,
   0.77,
   0.12,
   0.57,
   0.01,
   0.05
  ]
 ],
 "chain_pair_pae_min": [
  [
   0.76,
   0.94,
   1.05,
   0.98,
   2.9,
   4.17
  ],
  [
   1.03,
   0.76,
   1.34,
   1.35,
   2.97,
   2.7
  ],
  [
   1.04,
   1.22,
   0.77,
   0.84,
   2.55,
   4.89
  ],
  [
   0.9,
   1.51,
   0.85,
   0.76,
   2.75,
   4.57
  ],
  [
   4.97,
   4.28,
   6.44,
   6.61,
   0.77,
   8.26
  ],
  [
   6.86,
   4.47,
   9.41,
   6.58,
   9.25,
   0.77
  ]
 ],
 "chain_ptm": [
  0.89,
  0.89,
  0.03,
  0.71,
  0.05,
  0.05
 ],
 "fraction_disordered": 0.14,
 "has_clash": 0.0,
 "iptm": 0.92,
 "ptm": 0.94,
 "ranking_score": 1.0
}