{
 "chain_iptm": [
  0.92,
  0.6,
  0.36,
  0.55,
  0.28,
  0.26,
  0.24,
  0.2
 ],
 "chain_pair_iptm": [
  [
   0.97,
   0.96,
   0.95,
   0.99,
   0.92,
   0.95,
   0.91,
   0.74
  ],
  [
   0.96,
   0.67,
   0.79,
   0.73,
   0.56,
   0.45,
   0.35,
   0.35
  ],
  [
   0.95,
   0.79,
   0.03,
   0.7,
   0.02,
   0.02,
   0.01,
   0.01
  ],
  [
   0.99,
   0.73,
   0.7,
   0.59,
   0.42,
   0.37,
   0.39,
   0.26
  ],
  [
   0.92,
   0.56,
   0.02,
   0.42,
   0.04,
   0.0,
   0.0,
   0.01
  ],
  [
   0.95,
   0.45,
   0.02,
   0.37,
   0.0,
   0.04,
   0.0,
   0.0
  ],
  [
   0.91,
   0.35,
   0.01,
   0.39,
   0.0,
   0.0,
   0.04,
   0.0
  ],
  [
   0.74,
   0.35,
   0.01,
   0.26,
   0.01,
   0.0,
   0.0,
   0.04
  ]
 ],
 "chain_pair_pae_min": [
  [
   0.75,
   0.93,
   0.96,
   0.77,
   1.77,
   1.46,
   2.19,
   5.96
  ],
  [
   1.02,
   0.76,
   0.94,
   1.81,
   2.09,
   3.28,
   4.55,
   6.45
  ],
  [
   0.84,
   0.91,
   0.77,
   1.06,
   2.39,
   2.77,
   4.11,
   6.8
  ],
  [
   0.78,
   1.52,
   1.31,
   0.76,
   2.24,
   2.62,
   3.05,
   6.99
  ],
  [
   3.57,
   5.0,
   6.55,
   7.17,
   0.76,
   16.6,
   16.18,
   8.34
  ],
  [
   3.63,
   11.77,
   12.52,
   11.23,
   13.74,
   0.76,
   10.44,
   15.99
  ],
  [
   3.92,
   12.81,
   12.31,
   11.46,
   14.01,
   10.77,
   0.76,
   15.02
  ],
  [
   6.89,
   11.35,
   7.97,
   12.44,
   8.16,
   21.12,
   19.91,
   0.76
  ]
 ],
 "chain_ptm": [
  0.97,
  0.67,
  0.03,
  0.59,
  0.04,
  0.04,
  0.04,
  0.04
 ],
 "fraction_disordered": 0.0,
 "has_clash": 0.0,
 "iptm": 0.95,
 "ptm": 0.97,
 "ranking_score": 0.95
}