{
 "chain_iptm": [
  0.97,
  0.79,
  0.44,
  0.63,
  0.32,
  0.31,
  0.28,
  0.39
 ],
 "chain_pair_iptm": [
  [
   0.98,
   0.98,
   0.97,
   0.99,
   0.95,
   0.97,
   0.94,
   0.97
  ],
  [
   0.98,
   0.85,
   0.88,
   0.83,
   0.76,
   0.73,
   0.57,
   0.77
  ],
  [
   0.97,
   0.88,
   0.04,
   0.76,
   0.03,
   0.03,
   0.02,
   0.4
  ],
  [
   0.99,
   0.83,
   0.76,
   0.59,
   0.48,
   0.41,
   0.43,
   0.56
  ],
  [
   0.95,
   0.76,
   0.03,
   0.48,
   0.05,
   0.0,
   0.0,
   0.0
  ],
  [
   0.97,
   0.73,
   0.03,
   0.41,
   0.0,
   0.05,
   0.0,
   0.01
  ],
  [
   0.94,
   0.57,
   0.02,
   0.43,
   0.0,
   0.0,
   0.04,
   0.0
  ],
  [
   0.97,
   0.77,
   0.4,
   0.56,
   0.0,
   0.01,
   0.0,
   0.04
  ]
 ],
 "chain_pair_pae_min": [
  [
   0.75,
   0.78,
   0.8,
   0.77,
   1.46,
   1.14,
   1.69,
   0.98
  ],
  [
   0.81,
   0.76,
   0.84,
   1.33,
   1.72,
   1.98,
   3.64,
   1.75
  ],
  [
   0.79,
   0.79,
   0.76,
   0.86,
   1.79,
   1.64,
   2.95,
   1.38
  ],
  [
   0.77,
   1.2,
   1.05,
   0.76,
   1.84,
   2.2,
   2.34,
   1.87
  ],
  [
   2.63,
   2.77,
   4.76,
   5.21,
   0.76,
   11.01,
   14.27,
   12.33
  ],
  [
   1.92,
   5.92,
   6.66,
   5.97,
   7.55,
   0.76,
   10.71,
   6.83
  ],
  [
   3.98,
   12.47,
   10.48,
   10.38,
   13.66,
   13.95,
   0.76,
   11.66
  ],
  [
   1.55,
   3.92,
   4.12,
   4.29,
   6.45,
   4.98,
   5.99,
   0.76
  ]
 ],
 "chain_ptm": [
  0.98,
  0.85,
  0.04,
  0.59,
  0.05,
  0.05,
  0.04,
  0.04
 ],
 "fraction_disordered": 0.0,
 "has_clash": 0.0,
 "iptm": 0.97,
 "ptm": 0.98,
 "ranking_score": 0.97
}