{
 "chain_iptm": [
  0.63,
  0.3,
  0.4,
  0.43,
  0.13,
  0.17,
  0.16
 ],
 "chain_pair_iptm": [
  [
   0.7,
   0.76,
   0.76,
   0.77,
   0.49,
   0.49,
   0.53
  ],
  [
   0.76,
   0.03,
   0.49,
   0.51,
   0.01,
   0.01,
   0.02
  ],
  [
   0.76,
   0.49,
   0.03,
   0.64,
   0.1,
   0.23,
   0.18
  ],
  [
   0.77,
   0.51,
   0.64,
   0.03,
   0.19,
   0.27,
   0.24
  ],
  [
   0.49,
   0.01,
   0.1,
   0.19,
   0.04,
   0.0,
   0.0
  ],
  [
   0.49,
   0.01,
   0.23,
   0.27,
   0.0,
   0.03,
   0.0
  ],
  [
   0.53,
   0.02,
   0.18,
   0.24,
   0.0,
   0.0,
   0.03
  ]
 ],
 "chain_pair_pae_min": [
  [
   0.76,
   0.88,
   0.96,
   0.96,
   2.32,
   1.62,
   1.44
  ],
  [
   0.88,
   0.77,
   0.85,
   0.86,
   2.22,
   1.65,
   1.3
  ],
  [
   0.89,
   0.85,
   0.77,
   0.88,
   2.78,
   1.14,
   1.68
  ],
  [
   0.95,
   0.92,
   0.89,
   0.77,
   2.36,
   1.2,
   1.62
  ],
  [
   8.16,
   5.86,
   9.79,
   8.48,
   0.76,
   12.83,
   8.9
  ],
  [
   7.15,
   11.38,
   3.37,
   4.74,
   13.87,
   0.76,
   12.0
  ],
  [
   8.25,
   7.04,
   11.72,
   10.87,
   11.79,
   18.74,
   0.78
  ]
 ],
 "chain_ptm": [
  0.7,
  0.03,
  0.03,
  0.03,
  0.04,
  0.03,
  0.03
 ],
 "fraction_disordered": 0.0,
 "has_clash": 0.0,
 "iptm": 0.85,
 "ptm": 0.85,
 "ranking_score": 0.85
}