{
 "chain_iptm": [
  0.6,
  0.29,
  0.39,
  0.43,
  0.13,
  0.16,
  0.15
 ],
 "chain_pair_iptm": [
  [
   0.66,
   0.73,
   0.74,
   0.75,
   0.45,
   0.46,
   0.49
  ],
  [
   0.73,
   0.03,
   0.48,
   0.49,
   0.01,
   0.01,
   0.02
  ],
  [
   0.74,
   0.48,
   0.03,
   0.64,
   0.1,
   0.23,
   0.17
  ],
  [
   0.75,
   0.49,
   0.64,
   0.03,
   0.18,
   0.27,
   0.23
  ],
  [
   0.45,
   0.01,
   0.1,
   0.18,
   0.04,
   0.0,
   0.0
  ],
  [
   0.46,
   0.01,
   0.23,
   0.27,
   0.0,
   0.03,
   0.0
  ],
  [
   0.49,
   0.02,
   0.17,
   0.23,
   0.0,
   0.0,
   0.03
  ]
 ],
 "chain_pair_pae_min": [
  [
   0.76,
   0.93,
   1.04,
   1.02,
   2.54,
   1.77,
   1.52
  ],
  [
   0.91,
   0.77,
   0.87,
   0.88,
   2.49,
   1.66,
   1.28
  ],
  [
   0.89,
   0.87,
   0.77,
   0.89,
   2.8,
   1.17,
   1.71
  ],
  [
   0.98,
   0.93,
   0.9,
   0.77,
   2.61,
   1.21,
   1.66
  ],
  [
   9.08,
   5.81,
   9.42,
   8.41,
   0.76,
   14.01,
   9.93
  ],
  [
   5.87,
   11.74,
   3.37,
   4.53,
   13.75,
   0.76,
   11.96
  ],
  [
   8.84,
   6.89,
   11.87,
   10.92,
   12.3,
   19.13,
   0.78
  ]
 ],
 "chain_ptm": [
  0.66,
  0.03,
  0.03,
  0.03,
  0.04,
  0.03,
  0.03
 ],
 "fraction_disordered": 0.0,
 "has_clash": 0.0,
 "iptm": 0.84,
 "ptm": 0.84,
 "ranking_score": 0.84
}