{
 "chain_iptm": [
  0.68,
  0.74,
  0.58,
  0.44,
  0.69,
  0.97
 ],
 "chain_pair_iptm": [
  [
   0.15,
   0.81,
   0.61,
   0.34,
   0.68,
   0.96
  ],
  [
   0.81,
   0.64,
   0.65,
   0.47,
   0.79,
   0.97
  ],
  [
   0.61,
   0.65,
   0.03,
   0.02,
   0.63,
   0.97
  ],
  [
   0.34,
   0.47,
   0.02,
   0.05,
   0.38,
   0.96
  ],
  [
   0.68,
   0.79,
   0.63,
   0.38,
   0.42,
   0.99
  ],
  [
   0.96,
   0.97,
   0.97,
   0.96,
   0.99,
   0.94
  ]
 ],
 "chain_pair_pae_min": [
  [
   0.77,
   0.85,
   0.89,
   2.07,
   1.29,
   0.86
  ],
  [
   0.92,
   0.76,
   0.92,
   2.56,
   1.12,
   0.96
  ],
  [
   0.91,
   1.0,
   0.77,
   1.95,
   0.93,
   0.84
  ],
  [
   4.61,
   5.44,
   3.78,
   0.76,
   4.26,
   2.05
  ],
  [
   1.41,
   1.13,
   1.23,
   2.2,
   0.76,
   0.83
  ],
  [
   0.91,
   0.89,
   0.88,
   1.42,
   0.78,
   0.76
  ]
 ],
 "chain_ptm": [
  0.15,
  0.64,
  0.03,
  0.05,
  0.42,
  0.94
 ],
 "fraction_disordered": 0.0,
 "has_clash": 0.0,
 "iptm": 0.97,
 "ptm": 0.95,
 "ranking_score": 0.96
}