{
 "chain_iptm": [
  0.93,
  0.68,
  0.33,
  0.56,
  0.23,
  0.2,
  0.18,
  0.19,
  0.16,
  0.26,
  0.27
 ],
 "chain_pair_iptm": [
  [
   0.97,
   0.96,
   0.97,
   0.99,
   0.94,
   0.95,
   0.92,
   0.86,
   0.8,
   0.96,
   0.96
  ],
  [
   0.96,
   0.8,
   0.86,
   0.82,
   0.73,
   0.67,
   0.45,
   0.6,
   0.4,
   0.6,
   0.69
  ],
  [
   0.97,
   0.86,
   0.03,
   0.72,
   0.03,
   0.02,
   0.01,
   0.02,
   0.01,
   0.31,
   0.33
  ],
  [
   0.99,
   0.82,
   0.72,
   0.59,
   0.58,
   0.36,
   0.38,
   0.37,
   0.35,
   0.51,
   0.53
  ],
  [
   0.94,
   0.73,
   0.03,
   0.58,
   0.04,
   0.0,
   0.0,
   0.0,
   0.0,
   0.01,
   0.0
  ],
  [
   0.95,
   0.67,
   0.02,
   0.36,
   0.0,
   0.05,
   0.0,
   0.0,
   0.0,
   0.01,
   0.01
  ],
  [
   0.92,
   0.45,
   0.01,
   0.38,
   0.0,
   0.0,
   0.04,
   0.0,
   0.0,
   0.01,
   0.0
  ],
  [
   0.86,
   0.6,
   0.02,
   0.37,
   0.0,
   0.0,
   0.0,
   0.04,
   0.0,
   0.01,
   0.0
  ],
  [
   0.8,
   0.4,
   0.01,
   0.35,
   0.0,
   0.0,
   0.0,
   0.0,
   0.04,
   0.01,
   0.0
  ],
  [
   0.96,
   0.6,
   0.31,
   0.51,
   0.01,
   0.01,
   0.01,
   0.01,
   0.01,
   0.04,
   0.22
  ],
  [
   0.96,
   0.69,
   0.33,
   0.53,
   0.0,
   0.01,
   0.0,
   0.0,
   0.0,
   0.22,
   0.04
  ]
 ],
 "chain_pair_pae_min": [
  [
   0.75,
   0.86,
   0.86,
   0.77,
   1.6,
   1.34,
   1.97,
   3.52,
   5.2,
   1.14,
   1.19
  ],
  [
   0.89,
   0.76,
   0.89,
   1.29,
   1.92,
   2.31,
   4.66,
   4.58,
   8.99,
   2.9,
   2.49
  ],
  [
   0.82,
   0.83,
   0.77,
   0.92,
   1.92,
   1.86,
   3.24,
   4.31,
   6.1,
   2.22,
   2.04
  ],
  [
   0.78,
   1.4,
   1.25,
   0.76,
   1.71,
   2.39,
   2.49,
   4.17,
   5.57,
   2.08,
   2.09
  ],
  [
   3.17,
   7.42,
   5.9,
   2.8,
   0.76,
   13.58,
   13.78,
   12.41,
   13.12,
   13.5,
   14.24
  ],
  [
   2.41,
   9.19,
   8.81,
   9.25,
   10.89,
   0.76,
   13.42,
   9.45,
   13.38,
   9.18,
   9.91
  ],
  [
   3.95,
   15.79,
   12.55,
   13.04,
   14.6,
   16.04,
   0.76,
   15.95,
   9.57,
   12.51,
   14.53
  ],
  [
   4.36,
   12.22,
   11.96,
   9.75,
   12.4,
   11.72,
   15.29,
   0.76,
   15.28,
   15.22,
   15.67
  ],
  [
   6.9,
   16.93,
   13.21,
   11.0,
   15.41,
   16.93,
   11.67,
   15.08,
   0.76,
   14.06,
   15.27
  ],
  [
   2.17,
   8.94,
   7.69,
   6.89,
   9.86,
   8.34,
   8.12,
   10.71,
   12.21,
   0.76,
   4.45
  ],
  [
   1.74,
   4.59,
   4.64,
   4.56,
   7.15,
   5.91,
   6.75,
   8.57,
   10.39,
   3.56,
   0.77
  ]
 ],
 "chain_ptm": [
  0.97,
  0.8,
  0.03,
  0.59,
  0.04,
  0.05,
  0.04,
  0.04,
  0.04,
  0.04,
  0.04
 ],
 "fraction_disordered": 0.0,
 "has_clash": 0.0,
 "iptm": 0.95,
 "ptm": 0.97,
 "ranking_score": 0.96
}