{
 "chain_iptm": [
  0.66,
  0.42,
  0.51,
  0.55,
  0.41,
  0.2
 ],
 "chain_pair_iptm": [
  [
   0.64,
   0.73,
   0.74,
   0.75,
   0.65,
   0.45
  ],
  [
   0.73,
   0.03,
   0.5,
   0.51,
   0.37,
   0.01
  ],
  [
   0.74,
   0.5,
   0.03,
   0.65,
   0.45,
   0.24
  ],
  [
   0.75,
   0.51,
   0.65,
   0.03,
   0.55,
   0.28
  ],
  [
   0.65,
   0.37,
   0.45,
   0.55,
   0.02,
   0.02
  ],
  [
   0.45,
   0.01,
   0.24,
   0.28,
   0.02,
   0.03
  ]
 ],
 "chain_pair_pae_min": [
  [
   0.76,
   0.89,
   1.01,
   0.99,
   1.36,
   1.7
  ],
  [
   0.89,
   0.77,
   0.83,
   0.88,
   1.08,
   1.58
  ],
  [
   0.91,
   0.83,
   0.77,
   0.87,
   1.34,
   1.18
  ],
  [
   0.96,
   0.97,
   0.88,
   0.77,
   1.08,
   1.17
  ],
  [
   6.11,
   4.46,
   6.5,
   5.2,
   0.77,
   7.74
  ],
  [
   6.92,
   11.92,
   3.27,
   4.43,
   11.66,
   0.76
  ]
 ],
 "chain_ptm": [
  0.64,
  0.03,
  0.03,
  0.03,
  0.02,
  0.03
 ],
 "fraction_disordered": 0.0,
 "has_clash": 0.0,
 "iptm": 0.86,
 "ptm": 0.86,
 "ranking_score": 0.86
}