{
 "chain_iptm": [
  0.77,
  0.77,
  0.76,
  0.76,
  0.59,
  0.46,
  0.58,
  0.46
 ],
 "chain_pair_iptm": [
  [
   0.94,
   0.93,
   0.76,
   0.77,
   0.73,
   0.73,
   0.75,
   0.71
  ],
  [
   0.93,
   0.95,
   0.78,
   0.76,
   0.81,
   0.65,
   0.82,
   0.64
  ],
  [
   0.76,
   0.78,
   0.95,
   0.93,
   0.82,
   0.63,
   0.79,
   0.63
  ],
  [
   0.77,
   0.76,
   0.93,
   0.94,
   0.74,
   0.69,
   0.71,
   0.72
  ],
  [
   0.73,
   0.81,
   0.82,
   0.74,
   0.63,
   0.16,
   0.69,
   0.16
  ],
  [
   0.73,
   0.65,
   0.63,
   0.69,
   0.16,
   0.02,
   0.18,
   0.19
  ],
  [
   0.75,
   0.82,
   0.79,
   0.71,
   0.69,
   0.18,
   0.63,
   0.14
  ],
  [
   0.71,
   0.64,
   0.63,
   0.72,
   0.16,
   0.19,
   0.14,
   0.02
  ]
 ],
 "chain_pair_pae_min": [
  [
   0.76,
   0.98,
   3.28,
   2.89,
   4.2,
   4.43,
   4.1,
   4.57
  ],
  [
   1.0,
   0.76,
   2.83,
   3.18,
   3.22,
   5.97,
   2.79,
   5.89
  ],
  [
   3.23,
   2.85,
   0.76,
   1.03,
   2.72,
   6.07,
   3.53,
   6.25
  ],
  [
   2.91,
   3.35,
   1.02,
   0.76,
   4.17,
   4.77,
   4.59,
   4.79
  ],
  [
   4.46,
   2.02,
   3.39,
   6.26,
   0.77,
   10.78,
   1.54,
   10.78
  ],
  [
   3.25,
   5.64,
   7.18,
   5.07,
   10.25,
   0.79,
   9.74,
   2.05
  ],
  [
   6.09,
   3.44,
   2.21,
   4.96,
   1.47,
   11.46,
   0.77,
   11.67
  ],
  [
   5.0,
   7.18,
   6.17,
   3.43,
   10.47,
   2.06,
   10.93,
   0.79
  ]
 ],
 "chain_ptm": [
  0.94,
  0.95,
  0.95,
  0.94,
  0.63,
  0.02,
  0.63,
  0.02
 ],
 "fraction_disordered": 0.0,
 "has_clash": 0.0,
 "iptm": 0.88,
 "ptm": 0.9,
 "ranking_score": 0.89
}