{
 "chain_iptm": [
  0.8,
  0.71,
  0.49,
  0.77,
  0.41,
  0.38
 ],
 "chain_pair_iptm": [
  [
   0.89,
   0.91,
   0.86,
   0.77,
   0.89,
   0.57
  ],
  [
   0.91,
   0.69,
   0.78,
   0.85,
   0.55,
   0.46
  ],
  [
   0.86,
   0.78,
   0.03,
   0.79,
   0.02,
   0.01
  ],
  [
   0.77,
   0.85,
   0.79,
   0.88,
   0.62,
   0.84
  ],
  [
   0.89,
   0.55,
   0.02,
   0.62,
   0.05,
   0.0
  ],
  [
   0.57,
   0.46,
   0.01,
   0.84,
   0.0,
   0.04
  ]
 ],
 "chain_pair_pae_min": [
  [
   0.76,
   0.86,
   0.95,
   1.75,
   1.19,
   3.06
  ],
  [
   0.85,
   0.76,
   0.89,
   1.17,
   2.34,
   3.14
  ],
  [
   0.87,
   0.84,
   0.77,
   1.35,
   2.43,
   3.38
  ],
  [
   1.91,
   1.45,
   1.55,
   0.76,
   3.13,
   1.43
  ],
  [
   1.78,
   3.72,
   4.1,
   5.39,
   0.76,
   8.55
  ],
  [
   11.77,
   10.57,
   11.31,
   3.98,
   13.89,
   0.77
  ]
 ],
 "chain_ptm": [
  0.89,
  0.69,
  0.03,
  0.88,
  0.05,
  0.04
 ],
 "fraction_disordered": 0.0,
 "has_clash": 0.0,
 "iptm": 0.9,
 "ptm": 0.9,
 "ranking_score": 0.9
}