{
 "chain_iptm": [
  0.78,
  0.77,
  0.63,
  0.63,
  0.43,
  0.46
 ],
 "chain_pair_iptm": [
  [
   0.84,
   0.85,
   0.78,
   0.78,
   0.79,
   0.68
  ],
  [
   0.85,
   0.87,
   0.79,
   0.78,
   0.63,
   0.81
  ],
  [
   0.78,
   0.79,
   0.76,
   0.84,
   0.33,
   0.42
  ],
  [
   0.78,
   0.78,
   0.84,
   0.75,
   0.37,
   0.39
  ],
  [
   0.79,
   0.63,
   0.33,
   0.37,
   0.04,
   0.0
  ],
  [
   0.68,
   0.81,
   0.42,
   0.39,
   0.0,
   0.04
  ]
 ],
 "chain_pair_pae_min": [
  [
   0.76,
   0.92,
   2.61,
   2.63,
   4.24,
   5.93
  ],
  [
   0.93,
   0.76,
   2.51,
   2.55,
   6.61,
   4.16
  ],
  [
   3.09,
   2.93,
   0.76,
   1.17,
   7.03,
   6.48
  ],
  [
   2.59,
   2.83,
   1.14,
   0.76,
   6.99,
   6.4
  ],
  [
   6.28,
   19.57,
   15.24,
   13.71,
   0.77,
   21.86
  ],
  [
   18.73,
   6.36,
   10.71,
   12.24,
   20.85,
   0.77
  ]
 ],
 "chain_ptm": [
  0.84,
  0.87,
  0.76,
  0.75,
  0.04,
  0.04
 ],
 "fraction_disordered": 0.0,
 "has_clash": 0.0,
 "iptm": 0.85,
 "ptm": 0.86,
 "ranking_score": 0.85
}