{
 "chain_iptm": [
  0.96,
  0.69,
  0.73,
  0.65,
  0.35,
  0.32,
  0.37,
  0.29,
  0.45
 ],
 "chain_pair_iptm": [
  [
   0.98,
   0.98,
   0.98,
   0.99,
   0.96,
   0.96,
   0.94,
   0.92,
   0.95
  ],
  [
   0.98,
   0.71,
   0.89,
   0.76,
   0.6,
   0.53,
   0.61,
   0.38,
   0.79
  ],
  [
   0.98,
   0.89,
   0.72,
   0.87,
   0.6,
   0.58,
   0.65,
   0.47,
   0.77
  ],
  [
   0.99,
   0.76,
   0.87,
   0.59,
   0.47,
   0.43,
   0.6,
   0.43,
   0.63
  ],
  [
   0.96,
   0.6,
   0.6,
   0.47,
   0.05,
   0.0,
   0.0,
   0.0,
   0.15
  ],
  [
   0.96,
   0.53,
   0.58,
   0.43,
   0.0,
   0.05,
   0.0,
   0.0,
   0.08
  ],
  [
   0.94,
   0.61,
   0.65,
   0.6,
   0.0,
   0.0,
   0.05,
   0.0,
   0.19
  ],
  [
   0.92,
   0.38,
   0.47,
   0.43,
   0.0,
   0.0,
   0.0,
   0.04,
   0.08
  ],
  [
   0.95,
   0.79,
   0.77,
   0.63,
   0.15,
   0.08,
   0.19,
   0.08,
   0.3
  ]
 ],
 "chain_pair_pae_min": [
  [
   0.75,
   0.8,
   0.8,
   0.76,
   1.17,
   1.34,
   1.74,
   2.31,
   1.3
  ],
  [
   0.82,
   0.76,
   0.81,
   1.31,
   1.92,
   2.36,
   2.36,
   4.81,
   1.1
  ],
  [
   0.8,
   0.79,
   0.76,
   0.84,
   1.91,
   2.12,
   2.09,
   3.58,
   1.28
  ],
  [
   0.77,
   1.33,
   1.04,
   0.76,
   1.83,
   2.06,
   1.78,
   3.08,
   1.66
  ],
  [
   2.54,
   6.78,
   8.37,
   5.29,
   0.76,
   11.86,
   8.31,
   12.21,
   8.62
  ],
  [
   2.97,
   9.55,
   8.67,
   8.57,
   11.84,
   0.76,
   10.89,
   10.31,
   11.92
  ],
  [
   3.35,
   6.81,
   5.26,
   2.88,
   8.72,
   12.91,
   0.76,
   11.98,
   8.52
  ],
  [
   5.23,
   14.08,
   12.19,
   11.43,
   14.63,
   11.94,
   12.85,
   0.76,
   14.08
  ],
  [
   2.02,
   1.21,
   1.25,
   3.18,
   4.43,
   7.0,
   4.12,
   7.52,
   0.76
  ]
 ],
 "chain_ptm": [
  0.98,
  0.71,
  0.72,
  0.59,
  0.05,
  0.05,
  0.05,
  0.04,
  0.3
 ],
 "fraction_disordered": 0.0,
 "has_clash": 0.0,
 "iptm": 0.97,
 "ptm": 0.98,
 "ranking_score": 0.97
}