{
 "chain_iptm": [
  0.64,
  0.65,
  0.63,
  0.33,
  0.32,
  0.42,
  0.46
 ],
 "chain_pair_iptm": [
  [
   0.82,
   0.76,
   0.83,
   0.45,
   0.39,
   0.72,
   0.69
  ],
  [
   0.76,
   0.81,
   0.83,
   0.46,
   0.43,
   0.68,
   0.72
  ],
  [
   0.83,
   0.83,
   0.8,
   0.39,
   0.38,
   0.68,
   0.69
  ],
  [
   0.45,
   0.46,
   0.39,
   0.35,
   0.31,
   0.13,
   0.22
  ],
  [
   0.39,
   0.43,
   0.38,
   0.31,
   0.17,
   0.14,
   0.26
  ],
  [
   0.72,
   0.68,
   0.68,
   0.13,
   0.14,
   0.49,
   0.18
  ],
  [
   0.69,
   0.72,
   0.69,
   0.22,
   0.26,
   0.18,
   0.51
  ]
 ],
 "chain_pair_pae_min": [
  [
   0.76,
   2.66,
   2.57,
   10.14,
   10.25,
   6.45,
   7.98
  ],
  [
   2.61,
   0.76,
   2.99,
   9.06,
   9.31,
   8.1,
   5.66
  ],
  [
   2.83,
   2.96,
   0.76,
   9.55,
   9.8,
   8.0,
   7.27
  ],
  [
   10.15,
   9.39,
   11.45,
   0.77,
   2.51,
   17.75,
   14.38
  ],
  [
   9.64,
   8.73,
   11.38,
   2.61,
   0.82,
   16.0,
   12.3
  ],
  [
   7.17,
   7.38,
   10.3,
   13.84,
   12.15,
   0.76,
   9.04
  ],
  [
   8.06,
   6.73,
   9.29,
   11.98,
   12.39,
   8.44,
   0.76
  ]
 ],
 "chain_ptm": [
  0.82,
  0.81,
  0.8,
  0.35,
  0.17,
  0.49,
  0.51
 ],
 "fraction_disordered": 0.0,
 "has_clash": 0.0,
 "iptm": 0.79,
 "ptm": 0.81,
 "ranking_score": 0.8
}