{
 "chain_iptm": [
  0.52,
  0.48,
  0.46,
  0.48,
  0.54,
  0.46,
  0.48,
  0.5,
  0.49,
  0.49,
  0.4,
  0.32,
  0.24,
  0.18
 ],
 "chain_pair_iptm": [
  [
   0.83,
   0.58,
   0.61,
   0.64,
   0.8,
   0.66,
   0.6,
   0.63,
   0.64,
   0.64,
   0.33,
   0.25,
   0.18,
   0.13
  ],
  [
   0.58,
   0.8,
   0.56,
   0.57,
   0.68,
   0.69,
   0.58,
   0.57,
   0.53,
   0.53,
   0.35,
   0.25,
   0.18,
   0.12
  ],
  [
   0.61,
   0.56,
   0.81,
   0.59,
   0.6,
   0.56,
   0.71,
   0.51,
   0.49,
   0.5,
   0.27,
   0.24,
   0.16,
   0.13
  ],
  [
   0.64,
   0.57,
   0.59,
   0.81,
   0.64,
   0.55,
   0.5,
   0.76,
   0.54,
   0.54,
   0.29,
   0.25,
   0.18,
   0.14
  ],
  [
   0.8,
   0.68,
   0.6,
   0.64,
   0.83,
   0.58,
   0.64,
   0.65,
   0.67,
   0.67,
   0.42,
   0.31,
   0.21,
   0.15
  ],
  [
   0.66,
   0.69,
   0.56,
   0.55,
   0.58,
   0.8,
   0.56,
   0.57,
   0.51,
   0.52,
   0.29,
   0.21,
   0.13,
   0.11
  ],
  [
   0.6,
   0.58,
   0.71,
   0.5,
   0.64,
   0.56,
   0.83,
   0.61,
   0.54,
   0.53,
   0.4,
   0.28,
   0.2,
   0.14
  ],
  [
   0.63,
   0.57,
   0.51,
   0.76,
   0.65,
   0.57,
   0.61,
   0.82,
   0.57,
   0.56,
   0.4,
   0.3,
   0.19,
   0.15
  ],
  [
   0.64,
   0.53,
   0.49,
   0.54,
   0.67,
   0.51,
   0.54,
   0.57,
   0.51,
   0.62,
   0.38,
   0.4,
   0.33,
   0.21
  ],
  [
   0.64,
   0.53,
   0.5,
   0.54,
   0.67,
   0.52,
   0.53,
   0.56,
   0.62,
   0.48,
   0.32,
   0.41,
   0.31,
   0.19
  ],
  [
   0.33,
   0.35,
   0.27,
   0.29,
   0.42,
   0.29,
   0.4,
   0.4,
   0.38,
   0.32,
   0.7,
   0.63,
   0.54,
   0.54
  ],
  [
   0.25,
   0.25,
   0.24,
   0.25,
   0.31,
   0.21,
   0.28,
   0.3,
   0.4,
   0.41,
   0.63,
   null,
   null,
   null
  ],
  [
   0.18,
   0.18,
   0.16,
   0.18,
   0.21,
   0.13,
   0.2,
   0.19,
   0.33,
   0.31,
   0.54,
   null,
   null,
   null
  ],
  [
   0.13,
   0.12,
   0.13,
   0.14,
   0.15,
   0.11,
   0.14,
   0.15,
   0.21,
   0.19,
   0.54,
   null,
   null,
   null
  ]
 ],
 "chain_pair_pae_min": [
  [
   0.76,
   4.55,
   4.14,
   3.65,
   1.15,
   3.98,
   4.5,
   3.65,
   2.63,
   2.87,
   12.91,
   13.26,
   16.75,
   18.45
  ],
  [
   3.78,
   0.76,
   4.82,
   4.43,
   4.14,
   2.19,
   2.89,
   5.05,
   6.32,
   6.62,
   13.01,
   13.94,
   18.67,
   20.6
  ],
  [
   4.72,
   4.99,
   0.76,
   3.16,
   4.15,
   4.44,
   1.89,
   5.02,
   7.1,
   7.37,
   15.0,
   15.73,
   19.12,
   20.96
  ],
  [
   4.2,
   4.46,
   3.55,
   0.76,
   4.47,
   4.44,
   3.18,
   1.71,
   6.24,
   6.56,
   13.78,
   13.28,
   17.38,
   19.22
  ],
  [
   1.12,
   3.74,
   4.26,
   3.76,
   0.76,
   4.55,
   4.21,
   3.64,
   2.84,
   2.67,
   11.16,
   12.1,
   16.74,
   18.21
  ],
  [
   4.04,
   2.21,
   3.13,
   5.24,
   4.19,
   0.76,
   4.95,
   4.37,
   7.23,
   6.66,
   14.04,
   15.07,
   19.41,
   20.57
  ],
  [
   4.29,
   4.3,
   1.85,
   4.93,
   4.24,
   5.15,
   0.76,
   3.06,
   6.76,
   6.48,
   12.13,
   15.65,
   18.69,
   20.95
  ],
  [
   4.36,
   4.41,
   3.14,
   1.68,
   4.1,
   4.75,
   3.5,
   0.76,
   6.47,
   5.67,
   12.11,
   13.07,
   17.96,
   18.4
  ],
  [
   3.78,
   8.72,
   4.42,
   5.71,
   3.61,
   8.46,
   5.97,
   4.51,
   0.77,
   1.31,
   10.35,
   13.48,
   15.18,
   20.05
  ],
  [
   3.4,
   8.81,
   5.69,
   4.71,
   3.66,
   8.5,
   4.65,
   5.7,
   1.31,
   0.79,
   14.0,
   12.54,
   15.63,
   20.54
  ],
  [
   16.43,
   15.39,
   18.66,
   17.5,
   13.72,
   18.69,
   14.82,
   15.18,
   13.17,
   14.16,
   0.76,
   5.97,
   7.96,
   6.54
  ],
  [
   null,
   null,
   null,
   null,
   null,
   null,
   null,
   null,
   null,
   null,
   null,
   null,
   null,
   null
  ],
  [
   null,
   null,
   null,
   null,
   null,
   null,
   null,
   null,
   null,
   null,
   null,
   null,
   null,
   null
  ],
  [
   null,
   null,
   null,
   null,
   null,
   null,
   null,
   null,
   null,
   null,
   null,
   null,
   null,
   null
  ]
 ],
 "chain_ptm": [
  0.83,
  0.8,
  0.81,
  0.81,
  0.83,
  0.8,
  0.83,
  0.82,
  0.51,
  0.48,
  0.7,
  null,
  null,
  null
 ],
 "fraction_disordered": 0.15,
 "has_clash": 0.0,
 "iptm": 0.76,
 "ptm": 0.78,
 "ranking_score": 0.84
}