{
 "chain_iptm": [
  0.85,
  0.84,
  0.72,
  0.67,
  0.72,
  0.68
 ],
 "chain_pair_iptm": [
  [
   0.82,
   0.84,
   0.88,
   0.88,
   0.82,
   0.81
  ],
  [
   0.84,
   0.81,
   0.81,
   0.8,
   0.88,
   0.88
  ],
  [
   0.88,
   0.81,
   0.59,
   0.71,
   0.63,
   0.58
  ],
  [
   0.88,
   0.8,
   0.71,
   0.15,
   0.58,
   0.4
  ],
  [
   0.82,
   0.88,
   0.63,
   0.58,
   0.59,
   0.71
  ],
  [
   0.81,
   0.88,
   0.58,
   0.4,
   0.71,
   0.15
  ]
 ],
 "chain_pair_pae_min": [
  [
   0.76,
   1.13,
   1.13,
   1.03,
   2.04,
   1.96
  ],
  [
   1.14,
   0.76,
   2.05,
   1.96,
   1.11,
   1.04
  ],
  [
   1.16,
   2.06,
   0.76,
   1.2,
   1.54,
   1.56
  ],
  [
   1.04,
   2.0,
   1.03,
   0.78,
   1.52,
   1.3
  ],
  [
   2.06,
   1.15,
   1.52,
   1.56,
   0.76,
   1.2
  ],
  [
   1.96,
   1.04,
   1.5,
   1.29,
   1.02,
   0.78
  ]
 ],
 "chain_ptm": [
  0.82,
  0.81,
  0.59,
  0.15,
  0.59,
  0.15
 ],
 "fraction_disordered": 0.0,
 "has_clash": 0.0,
 "iptm": 0.88,
 "ptm": 0.89,
 "ranking_score": 0.89
}