{
 "chain_iptm": [
  0.52,
  0.52,
  0.51,
  0.5,
  0.53,
  0.51,
  0.51,
  0.51,
  0.32,
  0.32
 ],
 "chain_pair_iptm": [
  [
   0.87,
   0.61,
   0.52,
   0.51,
   0.85,
   0.5,
   0.51,
   0.53,
   0.35,
   0.34
  ],
  [
   0.61,
   0.86,
   0.53,
   0.53,
   0.51,
   0.75,
   0.55,
   0.52,
   0.33,
   0.32
  ],
  [
   0.52,
   0.53,
   0.87,
   0.44,
   0.5,
   0.54,
   0.78,
   0.57,
   0.35,
   0.33
  ],
  [
   0.51,
   0.53,
   0.44,
   0.87,
   0.55,
   0.54,
   0.59,
   0.82,
   0.26,
   0.26
  ],
  [
   0.85,
   0.51,
   0.5,
   0.55,
   0.88,
   0.64,
   0.56,
   0.52,
   0.33,
   0.34
  ],
  [
   0.5,
   0.75,
   0.54,
   0.54,
   0.64,
   0.85,
   0.55,
   0.53,
   0.26,
   0.26
  ],
  [
   0.51,
   0.55,
   0.78,
   0.59,
   0.56,
   0.55,
   0.87,
   0.45,
   0.29,
   0.27
  ],
  [
   0.53,
   0.52,
   0.57,
   0.82,
   0.52,
   0.53,
   0.45,
   0.87,
   0.33,
   0.32
  ],
  [
   0.35,
   0.33,
   0.35,
   0.26,
   0.33,
   0.26,
   0.29,
   0.33,
   0.33,
   0.41
  ],
  [
   0.34,
   0.32,
   0.33,
   0.26,
   0.34,
   0.26,
   0.27,
   0.32,
   0.41,
   0.34
  ]
 ],
 "chain_pair_pae_min": [
  [
   0.76,
   4.79,
   5.32,
   5.44,
   1.0,
   5.15,
   5.32,
   5.33,
   8.12,
   8.0
  ],
  [
   4.23,
   0.76,
   3.93,
   4.45,
   4.37,
   1.85,
   5.01,
   4.85,
   12.29,
   11.05
  ],
  [
   5.88,
   5.13,
   0.76,
   5.15,
   5.83,
   5.26,
   1.66,
   4.78,
   11.99,
   11.23
  ],
  [
   6.27,
   5.76,
   3.6,
   0.76,
   5.73,
   5.27,
   3.5,
   1.33,
   12.3,
   12.13
  ],
  [
   1.02,
   5.29,
   5.71,
   5.21,
   0.76,
   4.83,
   5.73,
   5.95,
   8.74,
   8.9
  ],
  [
   4.49,
   1.88,
   4.99,
   4.36,
   4.16,
   0.76,
   4.08,
   4.73,
   12.89,
   12.31
  ],
  [
   5.87,
   5.25,
   1.75,
   4.35,
   5.7,
   4.92,
   0.76,
   5.59,
   12.49,
   12.24
  ],
  [
   6.0,
   5.06,
   3.31,
   1.35,
   6.1,
   5.05,
   3.68,
   0.76,
   12.24,
   12.08
  ],
  [
   9.1,
   14.84,
   14.18,
   14.73,
   10.49,
   14.18,
   13.48,
   14.65,
   0.77,
   1.58
  ],
  [
   9.84,
   14.57,
   15.05,
   15.15,
   10.37,
   14.42,
   13.36,
   14.76,
   1.6,
   0.77
  ]
 ],
 "chain_ptm": [
  0.87,
  0.86,
  0.87,
  0.87,
  0.88,
  0.85,
  0.87,
  0.87,
  0.33,
  0.34
 ],
 "fraction_disordered": 0.16,
 "has_clash": 0.0,
 "iptm": 0.52,
 "ptm": 0.56,
 "ranking_score": 0.61
}