{
 "chain_iptm": [
  0.83,
  0.78,
  0.78,
  0.83,
  0.71,
  0.71
 ],
 "chain_pair_iptm": [
  [
   0.53,
   0.85,
   0.86,
   0.84,
   0.8,
   0.82
  ],
  [
   0.85,
   0.5,
   0.73,
   0.86,
   0.64,
   0.81
  ],
  [
   0.86,
   0.73,
   0.5,
   0.85,
   0.81,
   0.64
  ],
  [
   0.84,
   0.86,
   0.85,
   0.53,
   0.82,
   0.8
  ],
  [
   0.8,
   0.64,
   0.81,
   0.82,
   0.49,
   0.5
  ],
  [
   0.82,
   0.81,
   0.64,
   0.8,
   0.5,
   0.49
  ]
 ],
 "chain_pair_pae_min": [
  [
   0.75,
   0.79,
   0.79,
   0.8,
   0.92,
   0.95
  ],
  [
   0.8,
   0.76,
   1.23,
   0.8,
   1.65,
   0.95
  ],
  [
   0.8,
   1.23,
   0.76,
   0.8,
   0.96,
   1.67
  ],
  [
   0.8,
   0.79,
   0.79,
   0.75,
   0.96,
   0.9
  ],
  [
   0.85,
   1.85,
   0.99,
   0.87,
   0.76,
   2.39
  ],
  [
   0.86,
   1.01,
   1.86,
   0.85,
   2.35,
   0.76
  ]
 ],
 "chain_ptm": [
  0.53,
  0.5,
  0.5,
  0.53,
  0.49,
  0.49
 ],
 "fraction_disordered": 0.0,
 "has_clash": 0.0,
 "iptm": 0.94,
 "ptm": 0.94,
 "ranking_score": 0.94
}