{
 "chain_iptm": [
  0.74,
  0.74,
  0.7,
  0.7,
  0.33,
  0.32,
  0.28,
  0.27,
  0.34
 ],
 "chain_pair_iptm": [
  [
   0.76,
   0.83,
   0.91,
   0.93,
   0.74,
   0.62,
   0.62,
   0.53,
   0.77
  ],
  [
   0.83,
   0.75,
   0.93,
   0.91,
   0.66,
   0.69,
   0.54,
   0.62,
   0.77
  ],
  [
   0.91,
   0.93,
   0.86,
   0.92,
   0.63,
   0.62,
   0.52,
   0.52,
   0.57
  ],
  [
   0.93,
   0.91,
   0.92,
   0.86,
   0.63,
   0.59,
   0.54,
   0.49,
   0.57
  ],
  [
   0.74,
   0.66,
   0.63,
   0.63,
   0.05,
   0.0,
   0.0,
   0.0,
   0.0
  ],
  [
   0.62,
   0.69,
   0.62,
   0.59,
   0.0,
   0.05,
   0.0,
   0.0,
   0.0
  ],
  [
   0.62,
   0.54,
   0.52,
   0.54,
   0.0,
   0.0,
   0.05,
   0.0,
   0.0
  ],
  [
   0.53,
   0.62,
   0.52,
   0.49,
   0.0,
   0.0,
   0.0,
   0.05,
   0.0
  ],
  [
   0.77,
   0.77,
   0.57,
   0.57,
   0.0,
   0.0,
   0.0,
   0.0,
   0.04
  ]
 ],
 "chain_pair_pae_min": [
  [
   0.76,
   0.8,
   0.92,
   0.89,
   2.55,
   4.05,
   5.38,
   6.89,
   2.02
  ],
  [
   0.8,
   0.76,
   0.89,
   0.9,
   3.55,
   3.26,
   6.16,
   6.47,
   2.3
  ],
  [
   0.85,
   0.89,
   0.76,
   0.84,
   3.02,
   2.97,
   5.14,
   6.24,
   3.78
  ],
  [
   0.9,
   0.86,
   0.84,
   0.76,
   2.86,
   3.3,
   5.1,
   6.23,
   4.03
  ],
  [
   5.01,
   11.46,
   6.83,
   6.47,
   0.77,
   16.09,
   11.16,
   13.17,
   15.04
  ],
  [
   12.15,
   5.33,
   6.95,
   7.44,
   16.52,
   0.77,
   14.23,
   11.44,
   15.55
  ],
  [
   6.91,
   14.0,
   12.49,
   7.85,
   13.26,
   15.69,
   0.78,
   16.96,
   14.61
  ],
  [
   16.94,
   8.53,
   8.62,
   13.36,
   17.9,
   15.2,
   17.97,
   0.77,
   16.58
  ],
  [
   6.44,
   6.25,
   10.1,
   9.96,
   15.4,
   15.33,
   12.46,
   13.11,
   0.77
  ]
 ],
 "chain_ptm": [
  0.76,
  0.75,
  0.86,
  0.86,
  0.05,
  0.05,
  0.05,
  0.05,
  0.04
 ],
 "fraction_disordered": 0.46,
 "has_clash": 0.0,
 "iptm": 0.9,
 "ptm": 0.9,
 "ranking_score": 1.13
}