{
 "chain_iptm": [
  0.78,
  0.73,
  0.72,
  0.73,
  0.77,
  0.73,
  0.72,
  0.73,
  0.7,
  0.7
 ],
 "chain_pair_iptm": [
  [
   0.86,
   0.85,
   0.78,
   0.75,
   0.84,
   0.75,
   0.73,
   0.73,
   0.78,
   0.78
  ],
  [
   0.85,
   0.82,
   0.73,
   0.73,
   0.76,
   0.75,
   0.71,
   0.73,
   0.68,
   0.68
  ],
  [
   0.78,
   0.73,
   0.84,
   0.76,
   0.74,
   0.71,
   0.75,
   0.67,
   0.67,
   0.68
  ],
  [
   0.75,
   0.73,
   0.76,
   0.84,
   0.74,
   0.73,
   0.67,
   0.8,
   0.69,
   0.7
  ],
  [
   0.84,
   0.76,
   0.74,
   0.74,
   0.85,
   0.83,
   0.77,
   0.75,
   0.76,
   0.77
  ],
  [
   0.75,
   0.75,
   0.71,
   0.73,
   0.83,
   0.82,
   0.72,
   0.71,
   0.68,
   0.67
  ],
  [
   0.73,
   0.71,
   0.75,
   0.67,
   0.77,
   0.72,
   0.84,
   0.76,
   0.67,
   0.65
  ],
  [
   0.73,
   0.73,
   0.67,
   0.8,
   0.75,
   0.71,
   0.76,
   0.83,
   0.69,
   0.68
  ],
  [
   0.78,
   0.68,
   0.67,
   0.69,
   0.76,
   0.68,
   0.67,
   0.69,
   0.53,
   0.66
  ],
  [
   0.78,
   0.68,
   0.68,
   0.7,
   0.77,
   0.67,
   0.65,
   0.68,
   0.66,
   0.55
  ]
 ],
 "chain_pair_pae_min": [
  [
   0.76,
   1.99,
   2.37,
   2.79,
   1.01,
   2.51,
   2.81,
   2.85,
   1.75,
   1.8
  ],
  [
   2.11,
   0.76,
   2.0,
   3.03,
   2.48,
   1.94,
   3.22,
   2.44,
   3.42,
   3.39
  ],
  [
   2.71,
   2.53,
   0.76,
   2.33,
   3.01,
   3.41,
   1.76,
   3.44,
   4.07,
   3.86
  ],
  [
   3.07,
   2.39,
   2.12,
   0.76,
   3.09,
   3.01,
   2.51,
   1.54,
   3.95,
   4.28
  ],
  [
   1.02,
   2.54,
   2.69,
   2.9,
   0.76,
   2.21,
   2.52,
   2.88,
   1.81,
   1.77
  ],
  [
   2.51,
   1.99,
   3.27,
   2.39,
   2.25,
   0.76,
   2.06,
   3.19,
   3.42,
   3.53
  ],
  [
   3.16,
   3.39,
   1.73,
   3.39,
   2.93,
   2.49,
   0.76,
   2.36,
   3.88,
   4.06
  ],
  [
   3.17,
   2.98,
   2.42,
   1.56,
   3.14,
   2.44,
   2.18,
   0.76,
   4.3,
   3.98
  ],
  [
   1.77,
   4.8,
   2.61,
   3.99,
   2.14,
   4.0,
   3.47,
   2.67,
   0.78,
   1.23
  ],
  [
   1.95,
   3.71,
   3.43,
   2.76,
   1.89,
   4.81,
   2.78,
   4.04,
   1.23,
   0.77
  ]
 ],
 "chain_ptm": [
  0.86,
  0.82,
  0.84,
  0.84,
  0.85,
  0.82,
  0.84,
  0.83,
  0.53,
  0.55
 ],
 "fraction_disordered": 0.14,
 "has_clash": 0.0,
 "iptm": 0.88,
 "ptm": 0.89,
 "ranking_score": 0.95
}