{
 "chain_iptm": [
  0.67,
  0.61,
  0.56,
  0.58,
  0.44,
  0.35
 ],
 "chain_pair_iptm": [
  [
   0.84,
   0.79,
   0.76,
   0.75,
   0.59,
   0.47
  ],
  [
   0.79,
   0.81,
   0.74,
   0.73,
   0.46,
   0.34
  ],
  [
   0.76,
   0.74,
   0.76,
   0.72,
   0.36,
   0.25
  ],
  [
   0.75,
   0.73,
   0.72,
   0.76,
   0.41,
   0.29
  ],
  [
   0.59,
   0.46,
   0.36,
   0.41,
   0.45,
   0.4
  ],
  [
   0.47,
   0.34,
   0.25,
   0.29,
   0.4,
   0.14
  ]
 ],
 "chain_pair_pae_min": [
  [
   0.76,
   2.18,
   1.95,
   2.49,
   5.93,
   7.44
  ],
  [
   2.09,
   0.76,
   2.46,
   2.09,
   9.84,
   12.17
  ],
  [
   2.14,
   2.59,
   0.76,
   2.32,
   12.63,
   16.13
  ],
  [
   2.47,
   2.29,
   2.26,
   0.76,
   11.74,
   14.2
  ],
  [
   6.28,
   10.27,
   14.29,
   12.69,
   0.78,
   2.22
  ],
  [
   8.68,
   14.11,
   16.12,
   14.49,
   2.21,
   0.81
  ]
 ],
 "chain_ptm": [
  0.84,
  0.81,
  0.76,
  0.76,
  0.45,
  0.14
 ],
 "fraction_disordered": 0.0,
 "has_clash": 0.0,
 "iptm": 0.8,
 "ptm": 0.82,
 "ranking_score": 0.81
}