{
 "chain_iptm": [
  0.91,
  0.48,
  0.53,
  0.28,
  0.25,
  0.28,
  0.2
 ],
 "chain_pair_iptm": [
  [
   0.94,
   0.96,
   0.97,
   0.91,
   0.91,
   0.89,
   0.82
  ],
  [
   0.96,
   0.68,
   0.84,
   0.33,
   0.27,
   0.33,
   0.2
  ],
  [
   0.97,
   0.84,
   0.68,
   0.44,
   0.3,
   0.43,
   0.19
  ],
  [
   0.91,
   0.33,
   0.44,
   0.04,
   0.0,
   0.0,
   0.0
  ],
  [
   0.91,
   0.27,
   0.3,
   0.0,
   0.04,
   0.0,
   0.0
  ],
  [
   0.89,
   0.33,
   0.43,
   0.0,
   0.0,
   0.04,
   0.0
  ],
  [
   0.82,
   0.2,
   0.19,
   0.0,
   0.0,
   0.0,
   0.04
  ]
 ],
 "chain_pair_pae_min": [
  [
   0.76,
   1.16,
   0.91,
   1.76,
   2.09,
   2.68,
   3.67
  ],
  [
   1.0,
   0.76,
   0.95,
   3.58,
   4.13,
   4.11,
   5.97
  ],
  [
   0.99,
   0.91,
   0.76,
   2.69,
   3.69,
   3.54,
   6.02
  ],
  [
   3.6,
   15.96,
   13.08,
   0.76,
   16.41,
   8.1,
   16.52
  ],
  [
   3.59,
   13.58,
   15.2,
   16.48,
   0.76,
   13.43,
   14.65
  ],
  [
   4.14,
   13.6,
   12.43,
   8.39,
   14.51,
   0.76,
   16.58
  ],
  [
   7.5,
   19.83,
   21.78,
   23.47,
   20.16,
   21.57,
   0.77
  ]
 ],
 "chain_ptm": [
  0.94,
  0.68,
  0.68,
  0.04,
  0.04,
  0.04,
  0.04
 ],
 "fraction_disordered": 0.0,
 "has_clash": 0.0,
 "iptm": 0.94,
 "ptm": 0.94,
 "ranking_score": 0.94
}