{
 "chain_iptm": [
  0.61,
  0.28,
  0.38,
  0.41,
  0.13,
  0.16,
  0.16
 ],
 "chain_pair_iptm": [
  [
   0.66,
   0.72,
   0.73,
   0.73,
   0.48,
   0.47,
   0.52
  ],
  [
   0.72,
   0.03,
   0.45,
   0.46,
   0.01,
   0.01,
   0.02
  ],
  [
   0.73,
   0.45,
   0.03,
   0.61,
   0.1,
   0.22,
   0.17
  ],
  [
   0.73,
   0.46,
   0.61,
   0.02,
   0.19,
   0.27,
   0.23
  ],
  [
   0.48,
   0.01,
   0.1,
   0.19,
   0.04,
   0.0,
   0.0
  ],
  [
   0.47,
   0.01,
   0.22,
   0.27,
   0.0,
   0.03,
   0.0
  ],
  [
   0.52,
   0.02,
   0.17,
   0.23,
   0.0,
   0.0,
   0.03
  ]
 ],
 "chain_pair_pae_min": [
  [
   0.76,
   0.99,
   1.06,
   1.08,
   2.45,
   1.81,
   1.49
  ],
  [
   0.95,
   0.77,
   0.93,
   0.95,
   2.24,
   1.85,
   1.36
  ],
  [
   0.98,
   0.93,
   0.77,
   0.94,
   2.77,
   1.2,
   1.74
  ],
  [
   1.06,
   1.0,
   0.95,
   0.78,
   2.37,
   1.26,
   1.71
  ],
  [
   8.39,
   5.34,
   9.49,
   8.53,
   0.76,
   13.45,
   8.77
  ],
  [
   7.11,
   11.89,
   3.52,
   4.68,
   13.5,
   0.76,
   12.21
  ],
  [
   8.21,
   7.09,
   11.47,
   10.79,
   11.52,
   19.34,
   0.78
  ]
 ],
 "chain_ptm": [
  0.66,
  0.03,
  0.03,
  0.02,
  0.04,
  0.03,
  0.03
 ],
 "fraction_disordered": 0.0,
 "has_clash": 0.0,
 "iptm": 0.82,
 "ptm": 0.83,
 "ranking_score": 0.83
}