{
 "chain_iptm": [
  0.98,
  0.52,
  0.83,
  0.64,
  0.41,
  0.44
 ],
 "chain_pair_iptm": [
  [
   0.97,
   0.98,
   0.98,
   0.99,
   0.98,
   0.97
  ],
  [
   0.98,
   0.04,
   0.88,
   0.67,
   0.03,
   0.03
  ],
  [
   0.98,
   0.88,
   0.85,
   0.82,
   0.69,
   0.81
  ],
  [
   0.99,
   0.67,
   0.82,
   0.36,
   0.35,
   0.37
  ],
  [
   0.98,
   0.03,
   0.69,
   0.35,
   0.04,
   0.0
  ],
  [
   0.97,
   0.03,
   0.81,
   0.37,
   0.0,
   0.05
  ]
 ],
 "chain_pair_pae_min": [
  [
   0.76,
   0.78,
   0.81,
   0.76,
   0.92,
   1.15
  ],
  [
   0.81,
   0.76,
   0.78,
   0.86,
   1.31,
   1.35
  ],
  [
   0.81,
   0.82,
   0.76,
   1.24,
   1.88,
   1.42
  ],
  [
   0.77,
   0.97,
   1.26,
   0.75,
   2.02,
   2.28
  ],
  [
   2.36,
   7.49,
   8.09,
   10.58,
   0.76,
   7.53
  ],
  [
   2.48,
   3.55,
   3.14,
   8.0,
   7.72,
   0.77
  ]
 ],
 "chain_ptm": [
  0.97,
  0.04,
  0.85,
  0.36,
  0.04,
  0.05
 ],
 "fraction_disordered": 0.0,
 "has_clash": 0.0,
 "iptm": 0.98,
 "ptm": 0.98,
 "ranking_score": 0.98
}