{
 "chain_iptm": [
  0.8,
  0.78,
  0.75,
  0.75,
  0.5,
  0.46
 ],
 "chain_pair_iptm": [
  [
   0.76,
   0.84,
   0.89,
   0.88,
   0.75,
   0.66
  ],
  [
   0.84,
   0.76,
   0.88,
   0.89,
   0.7,
   0.58
  ],
  [
   0.89,
   0.88,
   0.83,
   0.9,
   0.54,
   0.53
  ],
  [
   0.88,
   0.89,
   0.9,
   0.84,
   0.54,
   0.52
  ],
  [
   0.75,
   0.7,
   0.54,
   0.54,
   0.05,
   0.0
  ],
  [
   0.66,
   0.58,
   0.53,
   0.52,
   0.0,
   0.05
  ]
 ],
 "chain_pair_pae_min": [
  [
   0.76,
   0.78,
   1.17,
   1.24,
   2.24,
   4.02
  ],
  [
   0.78,
   0.76,
   1.26,
   1.12,
   2.79,
   4.97
  ],
  [
   1.07,
   0.89,
   0.76,
   0.89,
   3.89,
   4.7
  ],
  [
   0.91,
   1.01,
   0.9,
   0.76,
   3.96,
   5.21
  ],
  [
   7.62,
   9.03,
   12.36,
   11.47,
   0.77,
   14.93
  ],
  [
   8.03,
   15.09,
   9.05,
   13.26,
   16.54,
   0.77
  ]
 ],
 "chain_ptm": [
  0.76,
  0.76,
  0.83,
  0.84,
  0.05,
  0.05
 ],
 "fraction_disordered": 0.43,
 "has_clash": 0.0,
 "iptm": 0.9,
 "ptm": 0.9,
 "ranking_score": 1.11
}