{
 "chain_iptm": [
  0.57,
  0.63,
  0.39,
  0.29,
  0.24,
  0.28,
  0.6,
  0.96,
  0.3
 ],
 "chain_pair_iptm": [
  [
   0.15,
   0.82,
   0.64,
   0.4,
   0.24,
   0.42,
   0.7,
   0.96,
   0.35
  ],
  [
   0.82,
   0.65,
   0.68,
   0.51,
   0.37,
   0.41,
   0.81,
   0.97,
   0.47
  ],
  [
   0.64,
   0.68,
   0.03,
   0.03,
   0.01,
   0.09,
   0.64,
   0.97,
   0.09
  ],
  [
   0.4,
   0.51,
   0.03,
   0.05,
   0.0,
   0.0,
   0.42,
   0.97,
   0.0
  ],
  [
   0.24,
   0.37,
   0.01,
   0.0,
   0.05,
   0.0,
   0.33,
   0.95,
   0.0
  ],
  [
   0.42,
   0.41,
   0.09,
   0.0,
   0.0,
   0.03,
   0.38,
   0.93,
   0.0
  ],
  [
   0.7,
   0.81,
   0.64,
   0.42,
   0.33,
   0.38,
   0.42,
   0.99,
   0.52
  ],
  [
   0.96,
   0.97,
   0.97,
   0.97,
   0.95,
   0.93,
   0.99,
   0.94,
   0.94
  ],
  [
   0.35,
   0.47,
   0.09,
   0.0,
   0.0,
   0.0,
   0.52,
   0.94,
   0.03
  ]
 ],
 "chain_pair_pae_min": [
  [
   0.77,
   0.84,
   0.86,
   1.55,
   3.09,
   2.28,
   1.22,
   0.83,
   3.25
  ],
  [
   0.9,
   0.76,
   0.88,
   2.02,
   3.52,
   2.98,
   1.09,
   0.96,
   3.59
  ],
  [
   0.87,
   0.95,
   0.77,
   1.51,
   3.44,
   2.51,
   0.9,
   0.82,
   3.68
  ],
  [
   3.44,
   4.34,
   2.61,
   0.76,
   7.03,
   5.42,
   3.22,
   1.37,
   7.05
  ],
  [
   9.13,
   9.6,
   10.08,
   9.4,
   0.76,
   12.32,
   8.0,
   2.97,
   11.8
  ],
  [
   5.53,
   15.01,
   7.83,
   8.44,
   16.3,
   0.77,
   11.2,
   3.97,
   11.73
  ],
  [
   1.43,
   1.12,
   1.21,
   1.61,
   2.95,
   2.44,
   0.76,
   0.82,
   2.78
  ],
  [
   0.89,
   0.87,
   0.87,
   1.16,
   1.62,
   1.84,
   0.78,
   0.76,
   1.97
  ],
  [
   11.88,
   11.46,
   11.23,
   10.45,
   13.69,
   12.37,
   5.38,
   3.6,
   0.77
  ]
 ],
 "chain_ptm": [
  0.15,
  0.65,
  0.03,
  0.05,
  0.05,
  0.03,
  0.42,
  0.94,
  0.03
 ],
 "fraction_disordered": 0.0,
 "has_clash": 0.0,
 "iptm": 0.96,
 "ptm": 0.95,
 "ranking_score": 0.96
}