{
 "chain_iptm": [
  0.9,
  0.5,
  0.19,
  0.45,
  0.14,
  0.13,
  0.13,
  0.13,
  0.12,
  0.1,
  0.13,
  0.12,
  0.13,
  0.11,
  0.09
 ],
 "chain_pair_iptm": [
  [
   0.97,
   0.96,
   0.95,
   0.99,
   0.92,
   0.95,
   0.94,
   0.93,
   0.86,
   0.78,
   0.93,
   0.91,
   0.92,
   0.87,
   0.66
  ],
  [
   0.96,
   0.67,
   0.78,
   0.73,
   0.51,
   0.51,
   0.43,
   0.48,
   0.45,
   0.3,
   0.46,
   0.38,
   0.39,
   0.32,
   0.29
  ],
  [
   0.95,
   0.78,
   0.03,
   0.73,
   0.02,
   0.02,
   0.02,
   0.02,
   0.02,
   0.01,
   0.02,
   0.01,
   0.01,
   0.01,
   0.01
  ],
  [
   0.99,
   0.73,
   0.73,
   0.59,
   0.43,
   0.35,
   0.36,
   0.41,
   0.35,
   0.24,
   0.34,
   0.33,
   0.44,
   0.35,
   0.22
  ],
  [
   0.92,
   0.51,
   0.02,
   0.43,
   0.04,
   0.0,
   0.0,
   0.0,
   0.0,
   0.0,
   0.0,
   0.0,
   0.0,
   0.0,
   0.0
  ],
  [
   0.95,
   0.51,
   0.02,
   0.35,
   0.0,
   0.05,
   0.0,
   0.0,
   0.0,
   0.0,
   0.0,
   0.0,
   0.0,
   0.0,
   0.0
  ],
  [
   0.94,
   0.43,
   0.02,
   0.36,
   0.0,
   0.0,
   0.05,
   0.0,
   0.0,
   0.01,
   0.0,
   0.0,
   0.0,
   0.0,
   0.0
  ],
  [
   0.93,
   0.48,
   0.02,
   0.41,
   0.0,
   0.0,
   0.0,
   0.04,
   0.0,
   0.0,
   0.0,
   0.0,
   0.0,
   0.0,
   0.0
  ],
  [
   0.86,
   0.45,
   0.02,
   0.35,
   0.0,
   0.0,
   0.0,
   0.0,
   0.04,
   0.0,
   0.0,
   0.0,
   0.0,
   0.0,
   0.0
  ],
  [
   0.78,
   0.3,
   0.01,
   0.24,
   0.0,
   0.0,
   0.01,
   0.0,
   0.0,
   0.04,
   0.0,
   0.0,
   0.0,
   0.0,
   0.0
  ],
  [
   0.93,
   0.46,
   0.02,
   0.34,
   0.0,
   0.0,
   0.0,
   0.0,
   0.0,
   0.0,
   0.04,
   0.0,
   0.0,
   0.0,
   0.0
  ],
  [
   0.91,
   0.38,
   0.01,
   0.33,
   0.0,
   0.0,
   0.0,
   0.0,
   0.0,
   0.0,
   0.0,
   0.04,
   0.0,
   0.0,
   0.0
  ],
  [
   0.92,
   0.39,
   0.01,
   0.44,
   0.0,
   0.0,
   0.0,
   0.0,
   0.0,
   0.0,
   0.0,
   0.0,
   0.04,
   0.0,
   0.0
  ],
  [
   0.87,
   0.32,
   0.01,
   0.35,
   0.0,
   0.0,
   0.0,
   0.0,
   0.0,
   0.0,
   0.0,
   0.0,
   0.0,
   0.04,
   0.0
  ],
  [
   0.66,
   0.29,
   0.01,
   0.22,
   0.0,
   0.0,
   0.0,
   0.0,
   0.0,
   0.0,
   0.0,
   0.0,
   0.0,
   0.0,
   0.04
  ]
 ],
 "chain_pair_pae_min": [
  [
   0.75,
   0.91,
   1.03,
   0.77,
   1.76,
   1.33,
   1.54,
   1.83,
   3.31,
   5.06,
   1.63,
   1.93,
   1.97,
   3.27,
   7.97
  ],
  [
   1.06,
   0.76,
   0.93,
   1.83,
   2.44,
   2.68,
   3.31,
   3.41,
   4.47,
   6.63,
   3.21,
   4.66,
   4.45,
   7.51,
   9.98
  ],
  [
   0.94,
   0.9,
   0.77,
   0.9,
   2.21,
   2.1,
   2.75,
   2.72,
   4.5,
   5.28,
   2.74,
   3.5,
   3.37,
   6.69,
   9.05
  ],
  [
   0.78,
   1.58,
   1.32,
   0.76,
   2.23,
   2.44,
   2.32,
   2.7,
   4.57,
   6.8,
   2.69,
   3.54,
   2.89,
   5.38,
   9.42
  ],
  [
   4.62,
   7.88,
   7.72,
   6.05,
   0.76,
   16.52,
   17.39,
   13.57,
   9.83,
   19.86,
   17.95,
   19.39,
   15.96,
   20.66,
   19.68
  ],
  [
   2.2,
   9.39,
   8.7,
   10.42,
   10.88,
   0.76,
   10.36,
   9.22,
   12.47,
   14.87,
   7.85,
   12.6,
   14.43,
   14.7,
   13.9
  ],
  [
   3.11,
   13.21,
   11.22,
   11.27,
   13.41,
   13.55,
   0.76,
   13.71,
   14.25,
   6.25,
   12.38,
   8.24,
   15.12,
   13.99,
   11.52
  ],
  [
   3.25,
   11.17,
   11.14,
   8.52,
   10.08,
   10.14,
   14.14,
   0.76,
   13.39,
   16.12,
   13.71,
   15.72,
   13.13,
   16.29,
   18.14
  ],
  [
   3.92,
   8.6,
   6.45,
   8.24,
   7.43,
   16.65,
   15.98,
   15.51,
   0.76,
   17.86,
   17.99,
   19.27,
   18.23,
   19.63,
   20.01
  ],
  [
   7.02,
   17.66,
   17.27,
   16.3,
   19.29,
   19.78,
   7.23,
   20.48,
   19.56,
   0.76,
   17.34,
   14.08,
   19.37,
   17.45,
   17.25
  ],
  [
   3.76,
   13.12,
   12.12,
   12.98,
   16.38,
   11.87,
   11.28,
   15.42,
   17.52,
   15.81,
   0.77,
   8.98,
   14.94,
   16.44,
   13.67
  ],
  [
   4.05,
   16.41,
   14.52,
   12.9,
   16.83,
   16.44,
   7.78,
   16.33,
   16.97,
   13.86,
   7.79,
   0.77,
   13.0,
   12.65,
   14.3
  ],
  [
   3.8,
   10.84,
   12.28,
   7.94,
   13.06,
   16.69,
   13.72,
   13.68,
   14.86,
   15.39,
   13.86,
   12.59,
   0.77,
   9.73,
   15.65
  ],
  [
   4.98,
   15.19,
   15.05,
   13.21,
   16.9,
   18.07,
   13.81,
   17.75,
   17.15,
   15.57,
   15.79,
   14.37,
   10.74,
   0.77,
   16.54
  ],
  [
   12.83,
   16.59,
   14.59,
   17.25,
   20.28,
   19.08,
   13.48,
   22.15,
   22.4,
   20.14,
   16.12,
   19.49,
   22.56,
   22.56,
   0.77
  ]
 ],
 "chain_ptm": [
  0.97,
  0.67,
  0.03,
  0.59,
  0.04,
  0.05,
  0.05,
  0.04,
  0.04,
  0.04,
  0.04,
  0.04,
  0.04,
  0.04,
  0.04
 ],
 "fraction_disordered": 0.0,
 "has_clash": 0.0,
 "iptm": 0.94,
 "ptm": 0.96,
 "ranking_score": 0.94
}