{
 "chain_iptm": [
  0.97,
  0.6,
  0.8,
  0.65,
  0.47,
  0.45
 ],
 "chain_pair_iptm": [
  [
   0.97,
   0.96,
   0.97,
   0.99,
   0.96,
   0.95
  ],
  [
   0.96,
   0.03,
   0.8,
   0.66,
   0.34,
   0.25
  ],
  [
   0.97,
   0.8,
   0.74,
   0.86,
   0.67,
   0.71
  ],
  [
   0.99,
   0.66,
   0.86,
   0.59,
   0.38,
   0.36
  ],
  [
   0.96,
   0.34,
   0.67,
   0.38,
   0.04,
   0.0
  ],
  [
   0.95,
   0.25,
   0.71,
   0.36,
   0.0,
   0.04
  ]
 ],
 "chain_pair_pae_min": [
  [
   0.75,
   0.88,
   0.79,
   0.77,
   1.21,
   1.63
  ],
  [
   0.82,
   0.77,
   0.86,
   1.35,
   1.46,
   2.34
  ],
  [
   0.81,
   0.88,
   0.76,
   1.0,
   1.76,
   1.8
  ],
  [
   0.78,
   1.43,
   1.02,
   0.76,
   2.28,
   3.26
  ],
  [
   3.88,
   3.38,
   5.5,
   10.58,
   0.77,
   9.36
  ],
  [
   2.81,
   7.36,
   5.83,
   10.79,
   7.17,
   0.77
  ]
 ],
 "chain_ptm": [
  0.97,
  0.03,
  0.74,
  0.59,
  0.04,
  0.04
 ],
 "fraction_disordered": 0.0,
 "has_clash": 0.0,
 "iptm": 0.97,
 "ptm": 0.98,
 "ranking_score": 0.97
}