{
 "chain_iptm": [
  0.97,
  0.73,
  0.77,
  0.59,
  0.42,
  0.43,
  0.41
 ],
 "chain_pair_iptm": [
  [
   0.97,
   0.98,
   0.98,
   0.99,
   0.97,
   0.96,
   0.96
  ],
  [
   0.98,
   0.66,
   0.9,
   0.8,
   0.61,
   0.54,
   0.56
  ],
  [
   0.98,
   0.9,
   0.82,
   0.79,
   0.61,
   0.63,
   0.68
  ],
  [
   0.99,
   0.8,
   0.79,
   0.35,
   0.31,
   0.43,
   0.25
  ],
  [
   0.97,
   0.61,
   0.61,
   0.31,
   0.04,
   0.0,
   0.0
  ],
  [
   0.96,
   0.54,
   0.63,
   0.43,
   0.0,
   0.04,
   0.0
  ],
  [
   0.96,
   0.56,
   0.68,
   0.25,
   0.0,
   0.0,
   0.04
  ]
 ],
 "chain_pair_pae_min": [
  [
   0.76,
   0.82,
   0.82,
   0.76,
   1.01,
   1.27,
   1.49
  ],
  [
   0.8,
   0.76,
   0.79,
   1.03,
   1.6,
   2.23,
   2.18
  ],
  [
   0.8,
   0.82,
   0.76,
   1.22,
   2.02,
   2.2,
   2.01
  ],
  [
   0.78,
   0.98,
   1.34,
   0.76,
   2.34,
   1.95,
   3.09
  ],
  [
   2.93,
   10.39,
   11.48,
   13.81,
   0.77,
   11.84,
   11.8
  ],
  [
   3.35,
   10.85,
   11.32,
   7.48,
   13.08,
   0.77,
   13.29
  ],
  [
   3.54,
   7.09,
   5.0,
   13.43,
   11.66,
   13.23,
   0.77
  ]
 ],
 "chain_ptm": [
  0.97,
  0.66,
  0.82,
  0.35,
  0.04,
  0.04,
  0.04
 ],
 "fraction_disordered": 0.0,
 "has_clash": 0.0,
 "iptm": 0.98,
 "ptm": 0.98,
 "ranking_score": 0.98
}