{
 "chain_iptm": [
  0.24,
  0.26,
  0.26,
  0.24,
  0.24,
  0.25,
  0.26,
  0.26,
  0.25,
  0.25
 ],
 "chain_pair_iptm": [
  [
   0.87,
   0.12,
   0.65,
   0.1,
   0.32,
   0.11,
   0.14,
   0.44,
   0.12,
   0.12
  ],
  [
   0.12,
   0.88,
   0.13,
   0.66,
   0.09,
   0.45,
   0.29,
   0.24,
   0.18,
   0.21
  ],
  [
   0.65,
   0.13,
   0.88,
   0.12,
   0.46,
   0.08,
   0.26,
   0.27,
   0.2,
   0.18
  ],
  [
   0.1,
   0.66,
   0.12,
   0.88,
   0.12,
   0.3,
   0.47,
   0.11,
   0.12,
   0.13
  ],
  [
   0.32,
   0.09,
   0.46,
   0.12,
   0.59,
   0.07,
   0.55,
   0.09,
   0.23,
   0.22
  ],
  [
   0.11,
   0.45,
   0.08,
   0.3,
   0.07,
   0.61,
   0.08,
   0.58,
   0.28,
   0.25
  ],
  [
   0.14,
   0.29,
   0.26,
   0.47,
   0.55,
   0.08,
   0.55,
   0.08,
   0.2,
   0.22
  ],
  [
   0.44,
   0.24,
   0.27,
   0.11,
   0.09,
   0.58,
   0.08,
   0.58,
   0.27,
   0.25
  ],
  [
   0.12,
   0.18,
   0.2,
   0.12,
   0.23,
   0.28,
   0.2,
   0.27,
   0.48,
   0.68
  ],
  [
   0.12,
   0.21,
   0.18,
   0.13,
   0.22,
   0.25,
   0.22,
   0.25,
   0.68,
   0.56
  ]
 ],
 "chain_pair_pae_min": [
  [
   0.76,
   21.79,
   7.12,
   23.52,
   15.46,
   17.58,
   21.47,
   10.76,
   23.92,
   22.88
  ],
  [
   21.12,
   0.76,
   21.63,
   6.35,
   21.72,
   12.16,
   15.32,
   14.67,
   19.97,
   19.03
  ],
  [
   6.33,
   21.4,
   0.76,
   21.69,
   12.01,
   21.87,
   14.64,
   16.38,
   19.47,
   19.08
  ],
  [
   22.85,
   6.71,
   21.34,
   0.76,
   17.37,
   18.09,
   13.03,
   20.73,
   23.86,
   22.19
  ],
  [
   12.78,
   23.96,
   10.3,
   22.14,
   0.76,
   23.8,
   3.71,
   20.92,
   13.19,
   12.99
  ],
  [
   21.61,
   10.31,
   24.49,
   14.32,
   22.43,
   0.76,
   20.11,
   3.16,
   12.67,
   12.52
  ],
  [
   20.58,
   12.25,
   16.68,
   10.67,
   4.19,
   20.6,
   0.76,
   23.21,
   14.02,
   13.5
  ],
  [
   11.13,
   17.17,
   14.38,
   22.32,
   20.34,
   3.24,
   22.59,
   0.76,
   11.67,
   13.24
  ],
  [
   20.38,
   16.6,
   19.11,
   20.37,
   15.4,
   13.5,
   15.29,
   14.5,
   0.76,
   1.17
  ],
  [
   20.52,
   17.55,
   18.77,
   19.29,
   15.25,
   15.32,
   15.46,
   14.38,
   1.19,
   0.76
  ]
 ],
 "chain_ptm": [
  0.87,
  0.88,
  0.88,
  0.88,
  0.59,
  0.61,
  0.55,
  0.58,
  0.48,
  0.56
 ],
 "fraction_disordered": 0.17,
 "has_clash": 0.0,
 "iptm": 0.34,
 "ptm": 0.43,
 "ranking_score": 0.45
}