{
 "chain_iptm": [
  0.98,
  0.68,
  0.84,
  0.62,
  0.49,
  0.48
 ],
 "chain_pair_iptm": [
  [
   0.97,
   0.98,
   0.98,
   0.99,
   0.98,
   0.97
  ],
  [
   0.98,
   0.12,
   0.9,
   0.72,
   0.44,
   0.38
  ],
  [
   0.98,
   0.9,
   0.86,
   0.82,
   0.71,
   0.78
  ],
  [
   0.99,
   0.72,
   0.82,
   0.35,
   0.32,
   0.27
  ],
  [
   0.98,
   0.44,
   0.71,
   0.32,
   0.04,
   0.0
  ],
  [
   0.97,
   0.38,
   0.78,
   0.27,
   0.0,
   0.04
  ]
 ],
 "chain_pair_pae_min": [
  [
   0.76,
   0.83,
   0.81,
   0.77,
   0.95,
   1.04
  ],
  [
   0.8,
   0.76,
   0.79,
   1.13,
   1.27,
   1.67
  ],
  [
   0.81,
   0.83,
   0.76,
   1.25,
   1.79,
   1.59
  ],
  [
   0.78,
   1.23,
   1.29,
   0.76,
   2.04,
   2.36
  ],
  [
   2.05,
   7.44,
   7.78,
   10.16,
   0.76,
   8.5
  ],
  [
   2.35,
   5.0,
   3.46,
   10.16,
   9.75,
   0.77
  ]
 ],
 "chain_ptm": [
  0.97,
  0.12,
  0.86,
  0.35,
  0.04,
  0.04
 ],
 "fraction_disordered": 0.0,
 "has_clash": 0.0,
 "iptm": 0.98,
 "ptm": 0.98,
 "ranking_score": 0.98
}