{
 "chain_iptm": [
  0.2,
  0.2,
  0.19,
  0.2,
  0.21,
  0.21,
  0.21,
  0.22,
  0.17,
  0.18
 ],
 "chain_pair_iptm": [
  [
   0.88,
   0.65,
   0.07,
   0.09,
   0.11,
   0.26,
   0.38,
   0.1,
   0.07,
   0.08
  ],
  [
   0.65,
   0.88,
   0.08,
   0.07,
   0.08,
   0.39,
   0.22,
   0.17,
   0.09,
   0.09
  ],
  [
   0.07,
   0.08,
   0.87,
   0.63,
   0.25,
   0.11,
   0.09,
   0.38,
   0.06,
   0.07
  ],
  [
   0.09,
   0.07,
   0.63,
   0.88,
   0.37,
   0.07,
   0.15,
   0.22,
   0.09,
   0.1
  ],
  [
   0.11,
   0.08,
   0.25,
   0.37,
   0.56,
   0.05,
   0.49,
   0.07,
   0.23,
   0.22
  ],
  [
   0.26,
   0.39,
   0.11,
   0.07,
   0.05,
   0.58,
   0.08,
   0.52,
   0.22,
   0.22
  ],
  [
   0.38,
   0.22,
   0.09,
   0.15,
   0.49,
   0.08,
   0.55,
   0.06,
   0.23,
   0.22
  ],
  [
   0.1,
   0.17,
   0.38,
   0.22,
   0.07,
   0.52,
   0.06,
   0.57,
   0.2,
   0.22
  ],
  [
   0.07,
   0.09,
   0.06,
   0.09,
   0.23,
   0.22,
   0.23,
   0.2,
   0.4,
   0.37
  ],
  [
   0.08,
   0.09,
   0.07,
   0.1,
   0.22,
   0.22,
   0.22,
   0.22,
   0.37,
   0.4
  ]
 ],
 "chain_pair_pae_min": [
  [
   0.76,
   4.93,
   26.5,
   24.22,
   18.24,
   17.38,
   15.23,
   19.61,
   24.19,
   24.21
  ],
  [
   5.11,
   0.76,
   23.98,
   25.14,
   21.48,
   12.55,
   17.35,
   15.69,
   21.83,
   22.7
  ],
  [
   26.48,
   24.23,
   0.76,
   5.85,
   19.52,
   18.73,
   20.47,
   15.36,
   23.73,
   25.03
  ],
  [
   24.02,
   25.88,
   5.9,
   0.76,
   15.22,
   22.71,
   16.38,
   19.52,
   23.38,
   22.89
  ],
  [
   22.82,
   25.43,
   17.34,
   14.69,
   0.76,
   21.16,
   5.37,
   22.47,
   15.77,
   14.9
  ],
  [
   16.57,
   13.36,
   23.1,
   25.67,
   22.13,
   0.76,
   22.17,
   5.1,
   14.31,
   16.33
  ],
  [
   14.41,
   17.22,
   25.16,
   20.74,
   5.53,
   22.21,
   0.76,
   23.14,
   15.4,
   15.14
  ],
  [
   24.42,
   19.87,
   14.09,
   17.75,
   22.2,
   4.9,
   23.09,
   0.76,
   15.52,
   15.24
  ],
  [
   24.09,
   23.34,
   24.43,
   23.72,
   15.72,
   16.25,
   16.27,
   16.7,
   0.76,
   5.85
  ],
  [
   24.17,
   22.98,
   24.93,
   23.88,
   16.26,
   15.83,
   16.62,
   16.33,
   5.77,
   0.77
  ]
 ],
 "chain_ptm": [
  0.88,
  0.88,
  0.87,
  0.88,
  0.56,
  0.58,
  0.55,
  0.57,
  0.4,
  0.4
 ],
 "fraction_disordered": 0.17,
 "has_clash": 0.0,
 "iptm": 0.29,
 "ptm": 0.39,
 "ranking_score": 0.39
}