{
 "chain_iptm": [
  0.75,
  0.77,
  0.75,
  0.77,
  0.6,
  0.45,
  0.59,
  0.45
 ],
 "chain_pair_iptm": [
  [
   0.94,
   0.93,
   0.75,
   0.74,
   0.74,
   0.7,
   0.72,
   0.67
  ],
  [
   0.93,
   0.94,
   0.75,
   0.78,
   0.84,
   0.64,
   0.82,
   0.63
  ],
  [
   0.75,
   0.75,
   0.94,
   0.93,
   0.72,
   0.67,
   0.73,
   0.68
  ],
  [
   0.74,
   0.78,
   0.93,
   0.94,
   0.83,
   0.63,
   0.83,
   0.63
  ],
  [
   0.74,
   0.84,
   0.72,
   0.83,
   0.64,
   0.17,
   0.71,
   0.15
  ],
  [
   0.7,
   0.64,
   0.67,
   0.63,
   0.17,
   0.02,
   0.16,
   0.19
  ],
  [
   0.72,
   0.82,
   0.73,
   0.83,
   0.71,
   0.16,
   0.65,
   0.16
  ],
  [
   0.67,
   0.63,
   0.68,
   0.63,
   0.15,
   0.19,
   0.16,
   0.02
  ]
 ],
 "chain_pair_pae_min": [
  [
   0.76,
   1.02,
   3.08,
   3.61,
   4.02,
   4.94,
   4.76,
   5.06
  ],
  [
   1.02,
   0.76,
   3.46,
   2.72,
   2.71,
   6.16,
   2.76,
   6.42
  ],
  [
   3.07,
   3.58,
   0.76,
   1.03,
   4.73,
   5.22,
   4.13,
   4.95
  ],
  [
   3.43,
   2.77,
   1.03,
   0.76,
   2.69,
   6.43,
   2.7,
   6.43
  ],
  [
   5.9,
   2.89,
   4.78,
   2.08,
   0.77,
   10.35,
   1.38,
   10.53
  ],
  [
   3.41,
   6.19,
   4.61,
   7.92,
   9.12,
   0.79,
   9.88,
   1.79
  ],
  [
   4.84,
   2.16,
   6.01,
   2.79,
   1.39,
   10.42,
   0.77,
   10.48
  ],
  [
   4.67,
   7.66,
   3.65,
   6.53,
   10.31,
   1.98,
   9.47,
   0.79
  ]
 ],
 "chain_ptm": [
  0.94,
  0.94,
  0.94,
  0.94,
  0.64,
  0.02,
  0.65,
  0.02
 ],
 "fraction_disordered": 0.0,
 "has_clash": 0.0,
 "iptm": 0.88,
 "ptm": 0.9,
 "ranking_score": 0.89
}