{
 "chain_iptm": [
  0.77,
  0.73,
  0.71,
  0.72,
  0.77,
  0.72,
  0.72,
  0.72,
  0.69,
  0.68
 ],
 "chain_pair_iptm": [
  [
   0.85,
   0.83,
   0.77,
   0.75,
   0.83,
   0.74,
   0.73,
   0.73,
   0.77,
   0.75
  ],
  [
   0.83,
   0.82,
   0.72,
   0.71,
   0.74,
   0.75,
   0.71,
   0.73,
   0.68,
   0.67
  ],
  [
   0.77,
   0.72,
   0.83,
   0.76,
   0.73,
   0.7,
   0.75,
   0.67,
   0.66,
   0.66
  ],
  [
   0.75,
   0.71,
   0.76,
   0.84,
   0.73,
   0.73,
   0.67,
   0.8,
   0.69,
   0.68
  ],
  [
   0.83,
   0.74,
   0.73,
   0.73,
   0.85,
   0.82,
   0.77,
   0.74,
   0.76,
   0.75
  ],
  [
   0.74,
   0.75,
   0.7,
   0.73,
   0.82,
   0.81,
   0.71,
   0.7,
   0.67,
   0.66
  ],
  [
   0.73,
   0.71,
   0.75,
   0.67,
   0.77,
   0.71,
   0.83,
   0.76,
   0.67,
   0.67
  ],
  [
   0.73,
   0.73,
   0.67,
   0.8,
   0.74,
   0.7,
   0.76,
   0.84,
   0.69,
   0.68
  ],
  [
   0.77,
   0.68,
   0.66,
   0.69,
   0.76,
   0.67,
   0.67,
   0.69,
   0.52,
   0.63
  ],
  [
   0.75,
   0.67,
   0.66,
   0.68,
   0.75,
   0.66,
   0.67,
   0.68,
   0.63,
   0.5
  ]
 ],
 "chain_pair_pae_min": [
  [
   0.76,
   2.19,
   2.36,
   2.9,
   1.05,
   2.77,
   3.02,
   2.96,
   1.81,
   1.89
  ],
  [
   2.31,
   0.76,
   2.03,
   3.3,
   2.6,
   1.96,
   3.28,
   2.66,
   3.73,
   3.67
  ],
  [
   2.94,
   2.5,
   0.76,
   2.47,
   3.16,
   3.45,
   1.66,
   3.49,
   4.28,
   3.95
  ],
  [
   3.19,
   2.57,
   2.13,
   0.76,
   3.18,
   3.14,
   2.66,
   1.56,
   4.14,
   4.54
  ],
  [
   1.06,
   2.57,
   2.84,
   2.98,
   0.76,
   2.28,
   2.48,
   2.9,
   1.88,
   1.84
  ],
  [
   2.63,
   1.97,
   3.34,
   2.74,
   2.33,
   0.76,
   1.94,
   3.23,
   3.7,
   3.78
  ],
  [
   3.15,
   3.38,
   1.7,
   3.33,
   2.98,
   2.48,
   0.76,
   2.36,
   3.79,
   4.26
  ],
  [
   3.25,
   3.23,
   2.58,
   1.54,
   3.2,
   2.39,
   2.06,
   0.76,
   4.29,
   4.07
  ],
  [
   1.91,
   5.12,
   2.61,
   4.09,
   2.29,
   4.1,
   3.56,
   2.78,
   0.77,
   1.3
  ],
  [
   2.21,
   4.26,
   3.41,
   2.87,
   1.94,
   5.06,
   3.08,
   4.12,
   1.28,
   0.79
  ]
 ],
 "chain_ptm": [
  0.85,
  0.82,
  0.83,
  0.84,
  0.85,
  0.81,
  0.83,
  0.84,
  0.52,
  0.5
 ],
 "fraction_disordered": 0.18,
 "has_clash": 0.0,
 "iptm": 0.87,
 "ptm": 0.88,
 "ranking_score": 0.97
}