{
 "chain_iptm": [
  0.63,
  0.33,
  0.42,
  0.45,
  0.14,
  0.18,
  0.16
 ],
 "chain_pair_iptm": [
  [
   0.71,
   0.78,
   0.77,
   0.78,
   0.42,
   0.5,
   0.5
  ],
  [
   0.78,
   0.03,
   0.53,
   0.55,
   0.01,
   0.04,
   0.05
  ],
  [
   0.77,
   0.53,
   0.03,
   0.66,
   0.16,
   0.23,
   0.17
  ],
  [
   0.78,
   0.55,
   0.66,
   0.03,
   0.22,
   0.28,
   0.23
  ],
  [
   0.42,
   0.01,
   0.16,
   0.22,
   0.05,
   0.0,
   0.0
  ],
  [
   0.5,
   0.04,
   0.23,
   0.28,
   0.0,
   0.03,
   0.0
  ],
  [
   0.5,
   0.05,
   0.17,
   0.23,
   0.0,
   0.0,
   0.03
  ]
 ],
 "chain_pair_pae_min": [
  [
   0.76,
   0.88,
   0.92,
   0.92,
   3.18,
   1.59,
   1.55
  ],
  [
   0.86,
   0.77,
   0.82,
   0.83,
   3.1,
   1.54,
   1.32
  ],
  [
   0.87,
   0.82,
   0.77,
   0.85,
   2.43,
   1.08,
   1.76
  ],
  [
   0.91,
   0.89,
   0.86,
   0.77,
   2.58,
   1.11,
   1.74
  ],
  [
   9.27,
   10.64,
   5.65,
   6.32,
   0.76,
   18.23,
   15.77
  ],
  [
   8.7,
   14.46,
   6.67,
   8.21,
   21.52,
   0.77,
   17.0
  ],
  [
   7.31,
   4.59,
   8.25,
   7.61,
   17.25,
   13.58,
   0.76
  ]
 ],
 "chain_ptm": [
  0.71,
  0.03,
  0.03,
  0.03,
  0.05,
  0.03,
  0.03
 ],
 "fraction_disordered": 0.0,
 "has_clash": 0.0,
 "iptm": 0.86,
 "ptm": 0.86,
 "ranking_score": 0.86
}