{
 "chain_iptm": [
  0.76,
  0.61,
  0.6,
  0.19,
  0.16,
  0.18,
  0.19,
  0.17,
  0.16,
  0.12,
  0.18,
  0.15
 ],
 "chain_pair_iptm": [
  [
   0.87,
   0.89,
   0.89,
   0.8,
   0.8,
   0.7,
   0.83,
   0.81,
   0.75,
   0.51,
   0.75,
   0.65
  ],
  [
   0.89,
   0.7,
   0.86,
   0.64,
   0.53,
   0.61,
   0.64,
   0.52,
   0.48,
   0.42,
   0.57,
   0.49
  ],
  [
   0.89,
   0.86,
   0.68,
   0.65,
   0.46,
   0.61,
   0.59,
   0.54,
   0.45,
   0.42,
   0.59,
   0.53
  ],
  [
   0.8,
   0.64,
   0.65,
   0.05,
   0.0,
   0.01,
   0.01,
   0.0,
   0.0,
   0.0,
   0.01,
   0.0
  ],
  [
   0.8,
   0.53,
   0.46,
   0.0,
   0.05,
   0.0,
   0.01,
   0.0,
   0.0,
   0.0,
   0.0,
   0.0
  ],
  [
   0.7,
   0.61,
   0.61,
   0.01,
   0.0,
   0.05,
   0.0,
   0.0,
   0.0,
   0.0,
   0.0,
   0.0
  ],
  [
   0.83,
   0.64,
   0.59,
   0.01,
   0.01,
   0.0,
   0.05,
   0.01,
   0.0,
   0.0,
   0.01,
   0.0
  ],
  [
   0.81,
   0.52,
   0.54,
   0.0,
   0.0,
   0.0,
   0.01,
   0.05,
   0.01,
   0.0,
   0.01,
   0.0
  ],
  [
   0.75,
   0.48,
   0.45,
   0.0,
   0.0,
   0.0,
   0.0,
   0.01,
   0.05,
   0.0,
   0.01,
   0.0
  ],
  [
   0.51,
   0.42,
   0.42,
   0.0,
   0.0,
   0.0,
   0.0,
   0.0,
   0.0,
   0.04,
   0.0,
   0.0
  ],
  [
   0.75,
   0.57,
   0.59,
   0.01,
   0.0,
   0.0,
   0.01,
   0.01,
   0.01,
   0.0,
   0.05,
   0.01
  ],
  [
   0.65,
   0.49,
   0.53,
   0.0,
   0.0,
   0.0,
   0.0,
   0.0,
   0.0,
   0.0,
   0.01,
   0.05
  ]
 ],
 "chain_pair_pae_min": [
  [
   0.76,
   0.88,
   0.88,
   1.6,
   1.73,
   3.39,
   1.41,
   1.43,
   2.11,
   3.86,
   2.36,
   4.16
  ],
  [
   0.84,
   0.76,
   0.87,
   1.64,
   2.19,
   2.66,
   1.53,
   1.95,
   2.73,
   3.0,
   2.48,
   4.33
  ],
  [
   0.93,
   0.85,
   0.76,
   1.64,
   2.63,
   2.86,
   1.71,
   1.82,
   2.88,
   3.0,
   2.34,
   3.67
  ],
  [
   4.82,
   4.4,
   5.16,
   0.77,
   13.28,
   8.64,
   8.54,
   10.36,
   11.67,
   14.55,
   4.12,
   9.6
  ],
  [
   3.88,
   7.59,
   9.34,
   10.23,
   0.77,
   12.16,
   6.47,
   9.7,
   11.56,
   12.14,
   10.41,
   14.16
  ],
  [
   7.19,
   5.98,
   5.68,
   5.79,
   13.6,
   0.77,
   9.76,
   12.72,
   13.38,
   11.24,
   9.05,
   14.93
  ],
  [
   2.74,
   3.01,
   4.76,
   5.89,
   6.12,
   7.89,
   0.77,
   5.54,
   7.09,
   9.82,
   4.52,
   9.34
  ],
  [
   3.47,
   7.01,
   6.64,
   8.3,
   9.66,
   11.74,
   6.64,
   0.77,
   4.44,
   9.37,
   6.3,
   10.39
  ],
  [
   3.32,
   7.37,
   8.53,
   8.23,
   9.17,
   10.73,
   7.11,
   3.49,
   0.77,
   9.54,
   7.18,
   11.46
  ],
  [
   13.52,
   6.5,
   8.66,
   14.29,
   16.08,
   12.0,
   12.88,
   11.81,
   12.54,
   0.78,
   12.1,
   12.5
  ],
  [
   3.93,
   3.49,
   4.64,
   4.71,
   9.81,
   9.65,
   4.71,
   6.04,
   8.27,
   12.97,
   0.77,
   9.56
  ],
  [
   6.19,
   5.95,
   5.39,
   7.37,
   12.96,
   12.4,
   9.16,
   9.33,
   11.53,
   13.48,
   7.32,
   0.77
  ]
 ],
 "chain_ptm": [
  0.87,
  0.7,
  0.68,
  0.05,
  0.05,
  0.05,
  0.05,
  0.05,
  0.05,
  0.04,
  0.05,
  0.05
 ],
 "fraction_disordered": 0.0,
 "has_clash": 0.0,
 "iptm": 0.9,
 "ptm": 0.91,
 "ranking_score": 0.9
}