{
 "chain_iptm": [
  0.96,
  0.62,
  0.29,
  0.55,
  0.23,
  0.21,
  0.21,
  0.19,
  0.21,
  0.22
 ],
 "chain_pair_iptm": [
  [
   0.97,
   0.96,
   0.96,
   0.99,
   0.95,
   0.96,
   0.96,
   0.92,
   0.96,
   0.95
  ],
  [
   0.96,
   0.68,
   0.8,
   0.74,
   0.64,
   0.5,
   0.54,
   0.37,
   0.51,
   0.54
  ],
  [
   0.96,
   0.8,
   0.03,
   0.72,
   0.03,
   0.02,
   0.03,
   0.01,
   0.02,
   0.02
  ],
  [
   0.99,
   0.74,
   0.72,
   0.59,
   0.47,
   0.4,
   0.37,
   0.39,
   0.41,
   0.45
  ],
  [
   0.95,
   0.64,
   0.03,
   0.47,
   0.05,
   0.0,
   0.0,
   0.0,
   0.0,
   0.0
  ],
  [
   0.96,
   0.5,
   0.02,
   0.4,
   0.0,
   0.05,
   0.0,
   0.0,
   0.0,
   0.0
  ],
  [
   0.96,
   0.54,
   0.03,
   0.37,
   0.0,
   0.0,
   0.05,
   0.0,
   0.0,
   0.0
  ],
  [
   0.92,
   0.37,
   0.01,
   0.39,
   0.0,
   0.0,
   0.0,
   0.04,
   0.0,
   0.0
  ],
  [
   0.96,
   0.51,
   0.02,
   0.41,
   0.0,
   0.0,
   0.0,
   0.0,
   0.04,
   0.0
  ],
  [
   0.95,
   0.54,
   0.02,
   0.45,
   0.0,
   0.0,
   0.0,
   0.0,
   0.0,
   0.04
  ]
 ],
 "chain_pair_pae_min": [
  [
   0.75,
   0.83,
   0.96,
   0.77,
   1.28,
   1.28,
   1.35,
   2.29,
   1.27,
   1.47
  ],
  [
   0.97,
   0.76,
   0.92,
   1.71,
   1.52,
   3.01,
   2.65,
   4.41,
   2.73,
   3.0
  ],
  [
   0.86,
   0.89,
   0.77,
   0.99,
   2.05,
   2.15,
   2.15,
   3.88,
   1.93,
   2.43
  ],
  [
   0.78,
   1.51,
   1.34,
   0.76,
   1.86,
   2.13,
   2.43,
   3.13,
   2.12,
   2.62
  ],
  [
   2.75,
   3.89,
   4.81,
   6.07,
   0.76,
   12.59,
   10.97,
   13.44,
   12.14,
   9.19
  ],
  [
   2.59,
   9.26,
   9.58,
   8.57,
   11.43,
   0.76,
   9.67,
   8.79,
   8.95,
   11.93
  ],
  [
   2.19,
   8.08,
   8.78,
   8.7,
   8.53,
   9.74,
   0.76,
   12.31,
   7.44,
   8.73
  ],
  [
   4.63,
   14.61,
   12.92,
   11.04,
   14.52,
   9.92,
   14.36,
   0.76,
   14.01,
   14.32
  ],
  [
   2.34,
   10.05,
   8.64,
   7.84,
   11.19,
   7.96,
   7.43,
   11.58,
   0.77,
   8.41
  ],
  [
   2.69,
   7.41,
   8.28,
   6.07,
   8.32,
   11.55,
   8.68,
   10.77,
   7.5,
   0.77
  ]
 ],
 "chain_ptm": [
  0.97,
  0.68,
  0.03,
  0.59,
  0.05,
  0.05,
  0.05,
  0.04,
  0.04,
  0.04
 ],
 "fraction_disordered": 0.0,
 "has_clash": 0.0,
 "iptm": 0.96,
 "ptm": 0.97,
 "ranking_score": 0.96
}